   13   55  109 0.63710000E+04  213  219  IFDECK 0 IFANIS 1  180
   55    00.             0.122149072E+04
 0.130884776D+02 0.             -0.883810500D+01 0.              0.
 0.112622049D+02 0.             -0.636399311D+01 0.              0.
 0.366779924D+01 0.             -0.444749354D+01 0.              0.
 0.118183741D-01 0.              0.              0.              0.
 0.753261849D-03 0.              0.              0.              0.
 0.112622049D+02 0.             -0.636399311D+01 0.              0.
 0.366779924D+01 0.             -0.444749354D+01 0.              0.
 0.100000000D+01 0.              0.              0.              0.
   54    00.122149072E+040.347995776E+04
 0.125815196D+02-0.126384229D+01-0.364264784D+01-0.552812060D+01 0.
 0.110486686D+02-0.403621616D+01 0.480227949D+01-0.135731718D+02 0.
 0.              0.              0.              0.              0.
 0.              0.              0.              0.              0.
 0.172943092D-04 0.              0.              0.              0.
 0.110486686D+02-0.403621616D+01 0.480227949D+01-0.135731718D+02 0.
 0.              0.              0.              0.              0.
 0.100000000D+01 0.              0.              0.              0.
    5    00.347995776E+040.363000000E+04 1.00000000E+21
 0.795648442D+01-0.647611380D+01 0.552830795D+01-0.308072575D+01 0.
 0.153890865D+02-0.531813659D+01 0.552420644D+01-0.255141860D+01 0.
 0.692541340D+01 0.146721617D+01-0.208343139D+01 0.978252466D+00 0.
 0.320524304D-02 0.              0.              0.              0.
 0.172943092D-04 0.              0.              0.              0.
 0.153890865D+02-0.531813659D+01 0.552420644D+01-0.255141860D+01 0.
 0.692541340D+01 0.146721617D+01-0.208343139D+01 0.978252466D+00 0.
 0.100000000D+01 0.              0.              0.              0.
   61    00.363000000E+040.560000000E+04 1.00000000E+21
 0.795648442D+01-0.647611380D+01 0.552830795D+01-0.308072575D+01 0.
 0.249519775D+02-0.404673029D+02 0.514832474D+02-0.266419466D+02 0.
 0.111671404D+02-0.137817918D+02 0.174574927D+02-0.927766453D+01 0.
 0.320524304D-02 0.              0.              0.              0.
 0.172943092D-04 0.              0.              0.              0.
 0.249519775D+02-0.404673029D+02 0.514832474D+02-0.266419466D+02 0.
 0.111671404D+02-0.137817918D+02 0.174574927D+02-0.927766453D+01 0.
 0.100000000D+01 0.              0.              0.              0.
    5    00.560000000E+040.570100000E+04 1.00000000E+21
 0.795648442D+01-0.647611380D+01 0.552830795D+01-0.308072575D+01 0.
 0.292765785D+02-0.236027129D+02 0.552420644D+01-0.255141860D+01 0.
 0.223458694D+02-0.172472878D+02-0.208343139D+01 0.978252466D+00 0.
 0.320524304D-02 0.              0.              0.              0.
 0.172943092D-04 0.              0.              0.              0.
 0.292765785D+02-0.236027129D+02 0.552420644D+01-0.255141860D+01 0.
 0.223458694D+02-0.172472878D+02-0.208343139D+01 0.978252466D+00 0.
 0.100000000D+01 0.              0.              0.              0.
    4    00.570100000E+040.577100000E+04 1.00000000E+21
 0.531970397D+01-0.148358655D+01 0.              0.              0.
 0.190957197D+02-0.986715415D+01 0.              0.              0.
 0.998387097D+01-0.493237052D+01 0.              0.              0.
 0.699210684D-02 0.              0.              0.              0.
 0.172943092D-04 0.              0.              0.              0.
 0.190957197D+02-0.986715415D+01 0.              0.              0.
 0.998387097D+01-0.493237052D+01 0.              0.              0.
 0.100000000D+01 0.              0.              0.              0.
    9    00.577100000E+040.597100000E+04 1.00000000E+21
 0.112494452D+02-0.802982995D+01 0.              0.              0.
 0.397026590D+02-0.326165503D+02 0.              0.              0.
 0.223512291D+02-0.185855526D+02 0.              0.              0.
 0.699210684D-02 0.              0.              0.              0.
 0.172943092D-04 0.              0.              0.              0.
 0.397026590D+02-0.326165503D+02 0.              0.              0.
 0.223512291D+02-0.185855526D+02 0.              0.              0.
 0.100000000D+01 0.              0.              0.              0.
    9    00.597100000E+040.615100000E+04 1.00000000E+21
 0.710889302D+01-0.380449820D+01 0.              0.              0.
 0.203925701D+02-0.122568724D+02 0.              0.              0.
 0.894959950D+01-0.445970000D+01 0.              0.              0.
 0.699210684D-02 0.              0.              0.              0.
 0.172943092D-04 0.              0.              0.              0.
 0.203925701D+02-0.122568724D+02 0.              0.              0.
 0.894959950D+01-0.445970000D+01 0.              0.              0.
 0.100000000D+01 0.              0.              0.              0.
    7    00.615100000E+040.629100000E+04 1.00000000E+21
 0.269100000D+01 0.692400000D+00 0.              0.              0.
 0.831700000D+00 0.721800000D+01 0.              0.              0.
 0.585820000D+01-0.146780000D+01 0.              0.              0.
 0.699210684D-02 0.              0.              0.              0.
 0.172943092D-04 0.              0.              0.              0.
 0.359080000D+01 0.461720000D+01 0.              0.              0.
-0.108390000D+01 0.571760000D+01 0.              0.              0.
 0.336870000D+01-0.247780000D+01 0.              0.              0.
    4    00.629100000E+040.634662891E+04 1.00000000E+21
 0.269100000D+01 0.692400000D+00 0.              0.              0.
 0.831700000D+00 0.721800000D+01 0.              0.              0.
 0.585820000D+01-0.146780000D+01 0.              0.              0.
 0.699210684D-02 0.              0.              0.              0.
 0.172943092D-04 0.              0.              0.              0.
 0.359080000D+01 0.461720000D+01 0.              0.              0.
-0.108390000D+01 0.571760000D+01 0.              0.              0.
 0.336870000D+01-0.247780000D+01 0.              0.              0.
    3    00.634662891E+040.635600000E+04 1.00000000E+21
 0.710889302D+01-0.380449820D+01 0.              0.              0.
 0.203925701D+02-0.122568724D+02 0.              0.              0.
 0.894959950D+01-0.445970000D+01 0.              0.              0.
 0.699210684D-02 0.              0.              0.              0.
 0.172943092D-04 0.              0.              0.              0.
 0.203925701D+02-0.122568724D+02 0.              0.              0.
 0.894959950D+01-0.445970000D+01 0.              0.              0.
 0.100000000D+01 0.              0.              0.              0.
    3    00.635600000E+040.636800000E+04 1.00000000E+21
 0.710889302D+01-0.380449820D+01 0.              0.              0.
 0.203925701D+02-0.122568724D+02 0.              0.              0.
 0.894959950D+01-0.445970000D+01 0.              0.              0.
 0.699210684D-02 0.              0.              0.              0.
 0.172943092D-04 0.              0.              0.              0.
 0.203925701D+02-0.122568724D+02 0.              0.              0.
 0.894959950D+01-0.445970000D+01 0.              0.              0.
 0.100000000D+01 0.              0.              0.              0.
    3    00.636800000E+040.637100000E+04
 0.710889302D+01-0.380449820D+01 0.              0.              0.
 0.203925701D+02-0.122568724D+02 0.              0.              0.
 0.894959950D+01-0.445970000D+01 0.              0.              0.
 0.699210684D-02 0.              0.              0.              0.
 0.172943092D-04 0.              0.              0.              0.
 0.203925701D+02-0.122568724D+02 0.              0.              0.
 0.894959950D+01-0.445970000D+01 0.              0.              0.
 0.100000000D+01 0.              0.              0.              0.
