92.45 4.66 13.0 -76.84 -11.99 -3.339
126.86 6.71 28.4 -48.01 -15.64 -2.042
92.78 6.19 10.7 -90.29 -0.67 1.661
92.78 6.19 10.7 -90.29 -0.67 1.761
-177.90 -19.88 590.0 -16.95 14.39 0.400
-142.48 -56.22 19.4 9.60 59.65 -3.176
164.46 -49.03 24.1 -6.38 53.25 0.702
-177.45 -20.53 392.4 4.27 39.90 1.833
92.33 10.64 23.4 -90.29 -0.67 0.791
94.32 5.41 33.6 -90.29 -0.67 1.804
95.97 23.48 18.5 -76.84 -11.99 2.990
-136.70 58.15 11.0 70.21 -49.35 -4.229
119.40 16.12 9.1 -68.91 -22.62 4.841
119.40 16.12 9.1 -68.91 -22.61 4.740
-69.87 -23.10 40.0 102.74 25.12 0.677
-69.87 -23.10 40.0 102.74 25.12 0.677
95.01 4.75 44.5 -90.29 -0.67 2.078
-153.75 56.97 21.1 51.86 -46.43 0.713
53.31 -36.69 9.7 -121.40 36.60 2.187
53.31 -36.69 9.7 -120.39 38.03 3.150
53.31 -36.69 9.7 -118.08 36.44 3.874
53.31 -36.69 9.7 -116.81 35.30 2.941
53.31 -36.69 9.7 -118.47 35.66 3.189
53.31 -36.69 9.7 -118.23 37.05 3.023
-177.98 -30.10 37.1 -1.00 37.59 2.567
-177.98 -30.10 37.1 -2.94 35.29 1.509
101.63 -4.21 17.0 -61.14 14.73 -0.740
101.63 -4.21 17.0 -84.11 10.00 0.929
-175.77 -25.48 13.3 24.09 34.84 0.235
-175.77 -25.48 13.3 -6.21 36.47 2.261
-179.06 -20.71 646.2 -4.61 32.82 1.863
130.06 28.85 17.1 -70.68 -33.15 0.662
130.06 28.85 17.1 -47.43 -23.59 -0.541
130.06 28.85 17.1 -68.91 -22.62 1.444
130.06 28.85 17.1 -70.55 -40.73 1.709
130.06 28.85 17.1 -68.91 -22.61 1.446
-70.07 -24.75 31.6 116.18 40.04 -0.428
-178.40 -17.47 551.6 5.53 22.79 2.210
-81.11 -1.14 3.3 109.84 19.03 2.827
126.21 1.12 21.4 -59.56 13.14 2.714
126.21 1.12 21.4 -61.65 12.13 0.044
-26.00 -60.85 11.4 143.16 42.01 -0.753
-175.85 -26.74 15.4 5.53 22.79 -0.552
-81.02 -1.51 12.9 109.84 19.03 2.098
-173.46 -14.38 41.5 5.53 22.79 1.212
-175.88 -26.92 15.3 5.53 22.79 -0.836
94.64 2.62 9.4 -90.29 -0.67 1.463
128.47 -5.55 395.8 -61.14 14.73 0.540
128.47 -5.55 395.8 -35.90 -5.83 -1.247
128.47 -5.55 395.8 -35.90 -5.83 -1.047
128.47 -5.55 395.8 -63.18 -8.95 -0.052
128.47 -5.55 395.8 -63.18 -8.95 -0.052
128.47 -5.55 395.8 -70.63 8.88 1.028
128.47 -5.55 395.8 -70.63 8.88 1.328
128.47 -5.55 395.8 -66.15 18.11 0.186
134.72 -4.46 13.9 -48.01 -15.64 3.116
70.55 23.53 13.3 -109.33 -27.13 1.651
-172.98 -15.16 16.2 5.53 22.79 3.614
166.48 -12.94 33.8 -16.95 14.39 2.487
145.13 21.13 23.0 -47.43 -23.59 1.272
-178.14 -32.68 15.8 16.41 50.36 0.489
96.09 2.56 19.3 -90.29 -0.67 2.091
179.83 -31.61 354.6 25.50 35.18 0.943
179.83 -31.61 354.6 6.15 49.66 -0.039
-78.53 19.52 11.8 121.88 -31.37 3.964
135.60 -3.61 12.7 -52.64 5.11 1.315
135.60 -3.61 12.7 -38.67 -5.49 -2.897
-70.34 -24.82 17.0 102.74 25.12 -0.594
-70.39 -24.94 21.9 102.74 25.12 -0.728
30.00 0.49 13.9 -149.58 -17.57 1.662
125.13 24.31 28.0 -48.01 -15.64 1.442
125.13 24.31 28.0 -70.68 -33.15 -1.054
125.13 24.31 28.0 -47.43 -23.59 0.717
135.51 -3.54 7.7 -52.64 5.11 1.387
124.79 9.50 14.0 -68.12 -16.27 -0.673
95.06 4.62 45.2 -90.29 -0.67 2.266
-76.24 -14.49 16.8 103.84 36.09 0.857
-10.39 35.93 44.7 174.70 -41.31 1.938
118.66 -11.10 13.6 -74.04 4.59 0.626
118.66 -11.10 13.6 -70.63 8.88 1.765
102.65 -5.27 18.9 -61.14 14.73 -0.836
102.65 -5.27 18.9 -84.95 10.29 5.861
102.65 -5.27 18.9 -76.84 -11.99 0.056
102.65 -5.27 18.9 -90.29 -0.67 2.287
102.65 -5.27 18.9 -90.29 -0.67 2.387
102.65 -5.27 18.9 -66.15 18.11 0.765
166.52 -16.00 13.2 5.53 22.79 -0.092
127.71 -1.55 14.6 -74.04 4.59 0.313
-173.23 -16.28 24.1 5.53 22.79 1.246
-173.23 -16.28 24.1 14.52 35.84 1.322
97.15 0.46 10.6 -78.45 0.24 1.381
97.15 0.46 10.6 -78.45 0.24 2.081
97.15 0.46 10.6 -87.27 14.06 0.201
104.53 -4.96 15.6 -66.15 18.11 7.680
168.98 -20.39 22.3 -4.35 39.55 0.042
117.58 -7.11 522.1 -61.14 14.73 -3.958
-15.37 -1.20 8.3 147.15 -9.41 3.630
-15.37 -1.20 8.3 147.15 -9.41 3.630
-133.31 54.11 12.3 51.86 -46.43 2.018
-133.31 54.11 12.3 70.21 -49.35 0.720
-133.31 54.11 12.3 39.58 -69.01 2.361
136.15 -1.05 7.7 -48.01 -15.64 1.047
33.20 -21.39 4.1 -156.24 20.77 1.315
119.62 0.27 16.9 -76.84 -11.99 0.208
126.40 1.56 38.3 -48.01 -15.64 0.364
126.42 1.85 29.6 -52.64 5.11 -1.225
-80.43 -6.98 28.1 102.74 25.12 -1.179
-80.43 -6.98 28.1 102.74 25.12 -1.279
137.41 -0.77 9.4 -48.01 -15.64 0.279
174.37 -19.59 2.7 -7.54 40.40 -2.185
174.37 -19.59 2.7 -7.54 40.40 -2.185
174.37 -19.59 2.7 -4.35 39.55 -3.242
170.13 -22.10 15.4 -4.35 39.55 0.859
-122.89 47.27 49.4 51.86 -46.43 -0.681
170.28 -22.33 14.7 -7.54 40.40 0.573
-75.63 -39.05 15.0 108.92 34.03 1.295
-75.63 -39.05 15.0 108.92 34.03 1.295
-174.72 -21.88 21.7 -4.05 39.88 0.864
122.11 5.21 13.8 -35.90 -5.83 0.976
-70.21 -24.44 41.3 102.74 25.12 0.120
168.36 -18.39 34.8 -16.95 14.39 2.188
122.28 24.17 20.8 -48.01 -15.64 1.190
122.28 24.17 20.8 -70.55 -40.73 0.440
157.38 -54.63 13.7 13.32 54.55 -1.639
157.38 -54.63 13.7 13.78 52.48 -0.662
157.38 -54.63 13.7 8.33 48.33 -1.610
-175.19 -23.48 16.0 13.40 42.35 0.952
-175.19 -23.48 16.0 9.38 39.50 5.572
118.23 2.74 14.7 -48.01 -15.64 0.008
-177.92 -32.31 13.1 16.41 50.36 0.421
-177.92 -32.31 13.1 17.54 49.78 0.221
-177.92 -32.31 13.1 19.89 47.92 0.175
-177.92 -32.31 13.1 26.22 35.11 1.406
97.89 1.89 46.7 -78.45 0.24 1.427
97.89 1.89 46.7 -78.45 0.24 2.227
97.89 1.89 46.7 -90.29 -0.67 2.484
-178.00 -32.04 16.7 9.35 46.47 3.231
-178.00 -32.04 16.7 23.24 42.62 -0.413
-177.88 -31.96 15.9 25.53 37.07 -0.726
-177.88 -31.96 15.9 7.76 52.31 -0.704
-177.88 -31.96 15.9 26.22 35.11 0.834
133.61 43.22 446.5 -58.06 -51.68 0.848
-178.40 -17.69 565.2 5.53 22.79 0.466
-71.26 -29.83 43.8 91.15 29.70 0.231
-71.26 -29.83 43.8 108.92 34.03 -0.236
127.59 1.79 98.3 -52.64 5.11 2.725
-178.52 -20.94 632.5 -4.05 39.88 0.532
-177.40 -31.10 14.2 11.22 49.69 0.284
127.52 7.65 16.1 -67.85 -21.96 2.864
132.87 -0.37 14.5 -46.03 -20.04 -1.181
-71.24 -26.69 55.8 109.49 30.27 0.616
-71.24 -26.69 55.8 102.74 25.12 -1.852
139.03 29.03 477.0 -48.01 -15.64 -0.087
94.96 4.74 45.5 -90.29 -0.67 2.084
105.40 -6.69 41.2 -70.63 8.88 0.481
-175.56 -23.75 16.2 -7.54 40.40 2.145
-175.56 -23.75 16.2 25.46 36.37 0.191
128.15 -4.06 17.4 -48.01 -15.64 3.808
163.14 -50.09 14.1 7.16 48.22 1.199
163.14 -50.09 14.1 4.54 45.28 2.397
163.14 -50.09 14.1 -6.38 53.25 0.095
163.14 -50.09 14.1 6.15 49.66 1.842
-63.40 -24.95 571.6 109.49 30.27 -0.098
-63.40 -24.95 571.6 109.49 30.27 -0.098
-63.40 -24.95 571.6 102.74 25.12 0.300
-63.40 -24.95 571.6 102.74 25.12 0.300
-63.40 -24.95 571.6 109.84 19.03 1.526
179.67 -31.13 452.0 7.16 48.22 -1.309
179.67 -31.13 452.0 4.54 45.28 0.228
179.67 -31.13 452.0 9.19 48.77 1.162
179.67 -31.13 452.0 6.15 49.66 -0.098
179.67 -31.13 452.0 8.33 48.33 -1.279
179.67 -31.13 452.0 11.22 49.69 0.399
179.67 -31.13 452.0 13.76 45.71 -1.037
86.89 -3.45 33.3 -84.07 10.00 0.293
-178.94 -35.04 15.2 -4.35 39.55 0.574
94.31 5.40 35.0 -90.29 -0.67 2.332
136.72 37.22 11.7 -58.06 -51.68 1.156
124.11 23.27 9.7 -57.33 -26.33 -3.436
89.43 33.91 7.6 -70.70 -29.01 -0.145
89.43 33.91 7.6 -109.33 -27.13 1.117
-173.26 -15.00 49.3 5.53 22.79 3.803
137.88 31.75 405.4 -61.98 -38.06 1.028
70.55 35.99 106.5 -109.33 -27.13 1.592
-178.87 -17.62 546.6 5.53 22.79 0.778
-168.67 52.02 17.2 20.81 -32.38 0.369
122.24 24.45 32.4 -69.56 -35.76 0.393
122.24 24.45 32.4 -70.04 -35.20 1.687
122.24 24.45 32.4 -68.98 -36.03 0.670
-176.64 -29.28 13.3 25.53 37.07 -2.001
-176.64 -29.28 13.3 25.48 35.16 1.027
-176.64 -29.28 13.3 6.15 49.66 0.561
-179.52 -21.96 601.4 -4.35 39.55 -0.664
-179.52 -21.96 601.4 9.38 39.50 1.268
-82.89 5.79 9.7 103.77 1.36 -0.548
152.50 -4.62 18.2 -14.36 -7.93 2.271
5.55 78.59 11.8 140.00 -66.67 0.733
168.35 -19.99 10.7 -7.54 40.40 0.790
66.49 -16.66 18.8 -116.61 33.55 8.701
-173.69 -20.35 13.1 15.89 38.26 1.527
-24.50 37.30 9.0 149.00 -35.32 2.343
-24.50 37.30 9.0 146.25 -20.09 2.356
147.19 -6.34 13.0 -52.73 5.21 -0.215
65.41 -17.89 15.5 -118.03 34.33 9.719
65.41 -17.89 15.5 -118.06 34.22 10.231
65.41 -17.89 15.5 -118.17 34.15 8.444
65.41 -17.89 15.5 -118.17 34.15 8.444
-176.32 -27.48 14.4 24.96 35.38 0.732
-176.32 -27.48 14.4 25.46 36.37 -0.651
-24.53 37.24 9.7 149.00 -35.32 2.625
95.60 2.94 9.3 -87.27 14.06 0.693
97.81 -0.32 10.7 -84.11 10.00 1.495
169.60 -22.95 11.7 -7.54 40.40 0.951
130.45 43.53 570.4 -70.68 -33.15 -0.495
130.45 43.53 570.4 -70.55 -40.73 0.868
-73.35 -32.63 9.9 109.49 30.27 1.165
-73.35 -32.63 9.9 109.49 30.27 1.165
-154.48 55.95 11.8 51.86 -46.43 2.474
178.34 -26.42 631.4 4.54 45.28 0.590
169.25 -20.69 27.7 -7.54 40.40 0.904
99.59 -1.59 14.3 -84.11 10.00 -0.502
-175.60 -23.61 11.2 -7.54 40.40 2.183
-175.60 -23.61 11.2 25.46 36.37 1.488
161.38 -61.57 8.9 9.60 59.65 -2.659
161.38 -61.57 8.9 9.60 59.65 -2.459
-72.32 -17.45 14.2 98.98 18.79 -1.976
168.73 -20.12 21.5 -7.54 40.40 1.348
168.73 -20.12 21.5 -4.35 39.55 0.220
99.99 -1.90 22.4 -84.11 10.00 1.265
99.99 -1.90 22.4 -63.18 -8.95 -0.015
99.99 -1.90 22.4 -63.18 -8.95 -0.015
-179.71 -23.70 503.3 -4.86 6.67 0.577
-175.70 -24.39 14.9 13.40 42.35 2.260
-175.70 -24.39 14.9 6.68 45.05 2.893
-175.70 -24.39 14.9 14.31 41.72 1.384
-175.70 -24.39 14.9 24.89 35.29 1.464
102.54 -5.28 19.2 -78.45 0.24 1.491
102.54 -5.28 19.2 -63.18 -8.95 -0.075
13.84 -52.43 13.7 -176.68 51.88 1.579
-133.96 -53.95 13.4 9.60 59.65 3.453
155.97 -7.47 16.2 -4.86 6.67 -0.360
155.97 -7.47 16.2 -35.90 -5.83 0.043
128.60 27.44 44.1 -47.43 -23.59 0.953
-178.81 -31.85 104.8 -1.00 37.59 3.607
-81.01 -5.85 23.8 110.52 -7.91 -0.982
125.76 11.99 14.5 -48.01 -15.64 0.316
125.84 12.15 14.5 -48.01 -15.64 0.473
-62.91 -28.38 611.6 137.03 35.35 0.013
-62.91 -28.38 611.6 116.17 40.02 0.130
-62.91 -28.38 611.6 109.49 30.27 -0.440
-62.91 -28.38 611.6 109.49 30.27 -0.540
-62.91 -28.38 611.6 102.74 25.12 0.166
-62.91 -28.38 611.6 102.74 25.12 0.066
-62.91 -28.38 611.6 129.59 44.62 -0.051
-62.91 -28.38 611.6 129.59 44.62 -0.151
-62.91 -28.38 611.6 108.92 34.03 -0.881
-62.91 -28.38 611.6 108.92 34.03 -1.281
-62.91 -28.38 611.6 98.98 18.79 -1.247
-62.91 -28.38 611.6 126.63 37.48 0.203
-62.91 -28.38 611.6 138.21 36.54 0.887
-62.90 -28.37 613.1 137.03 35.35 0.250
-62.90 -28.37 613.1 109.49 30.27 -0.335
-62.90 -28.37 613.1 109.49 30.27 -0.335
-62.90 -28.37 613.1 138.21 36.54 0.122
125.51 12.51 14.0 -48.01 -15.64 0.506
166.44 -13.57 21.9 -4.61 32.82 0.690
166.44 -13.57 21.9 5.53 22.79 0.812
-173.41 -19.38 14.6 5.53 22.79 3.622
179.92 -17.65 606.4 5.53 22.79 1.135
96.98 1.95 9.8 -76.84 -11.99 0.712
120.23 15.96 105.6 -68.12 -16.27 1.805
-174.07 -20.96 12.9 -4.35 39.55 2.932
-176.95 -17.91 363.8 14.52 35.87 1.002
126.02 12.02 14.6 -48.01 -15.64 0.125
-71.05 -27.11 17.5 102.74 25.12 -0.541
-71.05 -27.11 17.5 102.74 25.12 -0.541
-71.16 -27.29 11.4 91.15 29.70 0.450
-71.16 -27.29 11.4 91.15 29.70 0.450
126.93 0.72 26.7 -61.14 14.73 1.693
-173.28 -14.82 44.2 5.53 22.79 3.670
-73.59 -37.86 16.0 109.84 19.03 0.668
-73.59 -37.86 16.0 82.29 46.79 -0.561
-74.79 -15.04 35.3 109.84 19.03 1.046
125.19 21.89 20.8 -47.43 -23.59 0.031
-178.22 -17.74 530.5 5.53 22.79 0.351
-178.30 -30.49 46.0 -2.94 35.29 1.640
-173.54 -19.29 7.7 4.27 39.90 2.345
-11.46 -58.28 9.2 158.65 53.02 -1.239
78.74 -38.52 8.1 -123.83 44.00 -1.948
78.74 -38.52 8.1 -105.61 39.80 1.821
-81.09 -45.13 3.2 109.49 30.27 -7.411
-152.84 56.28 15.9 51.86 -46.43 0.007
-77.52 -12.93 20.6 98.98 18.79 -1.399
161.58 -10.36 57.1 -23.61 14.97 2.517
-63.03 -28.59 602.7 137.03 35.35 -0.055
-63.03 -28.59 602.7 109.49 30.27 0.108
-63.03 -28.59 602.7 102.74 25.12 0.512
-63.03 -28.59 602.7 108.92 34.03 -0.728
-63.03 -28.59 602.7 98.98 18.79 -1.251
-63.03 -28.59 602.7 138.21 36.54 0.505
127.16 -1.07 21.9 -70.63 8.88 0.670
-139.02 -57.45 6.0 30.51 37.84 0.190
-139.02 -57.45 6.0 28.41 44.46 -2.235
-139.02 -57.45 6.0 58.56 56.43 1.371
-139.02 -57.45 6.0 59.94 49.26 0.812
-139.02 -57.45 6.0 70.98 52.72 0.163
-172.22 -16.66 31.6 5.53 22.79 3.974
152.04 -4.95 39.2 -16.95 14.39 1.330
125.82 -8.37 16.5 -74.04 4.59 0.552
-179.13 -32.64 38.4 -1.00 37.59 1.808
-179.13 -32.64 38.4 -2.93 35.29 0.181
-179.45 -22.12 602.6 -16.95 14.39 0.967
-179.45 -22.12 602.6 -4.86 6.67 1.844
-179.45 -22.12 602.6 9.38 39.50 1.698
-179.45 -22.12 602.6 14.52 35.87 1.178
152.83 -4.93 33.8 -16.95 14.39 0.661
52.79 -36.69 10.9 -104.04 44.12 -0.416
-71.83 -33.55 15.1 121.19 31.10 -0.056
-71.83 -33.55 15.1 87.69 43.82 -0.777
-71.83 -33.55 15.1 97.01 33.01 1.119
123.91 5.67 18.1 -61.14 14.73 0.559
-177.53 -19.63 388.9 18.42 5.18 -0.444
-177.53 -19.63 388.9 4.27 39.90 1.622
-177.53 -19.63 388.9 -7.54 40.40 1.112
-177.53 -19.63 388.9 -4.35 39.55 2.021
-177.53 -19.63 388.9 14.52 35.84 1.128
96.94 2.17 8.1 -84.11 10.00 0.627
-104.68 18.63 7.6 55.75 -21.16 0.538
178.87 -24.28 564.9 13.22 37.58 0.306
178.87 -24.28 564.9 5.53 22.79 1.863
-178.17 -32.31 15.9 7.76 52.31 0.963
-178.17 -32.31 15.9 9.35 46.47 2.991
-178.17 -32.31 15.9 23.24 42.62 0.168
122.56 23.86 12.7 -48.01 -15.64 1.383
-77.72 19.86 12.4 117.23 -32.93 -0.130
-180.09 -32.07 339.7 16.41 50.36 -1.242
-180.09 -32.07 339.7 19.89 47.92 -0.962
-180.09 -32.07 339.7 9.19 48.77 -0.291
-180.09 -32.07 339.7 23.24 42.62 -0.639
139.39 11.25 14.1 -35.90 -5.83 1.979
-177.79 -20.24 404.8 -1.00 37.59 1.262
-177.79 -20.24 404.8 4.27 39.90 0.704
-177.79 -20.24 404.8 -4.35 39.55 0.544
-177.79 -20.24 404.8 14.52 35.87 0.561
128.84 2.60 32.1 -52.64 5.11 1.496
123.84 6.75 577.5 -47.43 -23.59 0.141
123.84 6.75 577.5 -46.03 -20.04 -0.488
-132.92 -54.57 14.6 36.57 55.11 2.102
-135.81 -54.37 13.1 13.32 54.55 -5.617
-26.40 19.23 15.2 166.30 -22.10 0.868
-26.40 19.23 15.2 146.25 -20.09 0.403
-177.00 -30.72 15.5 11.22 49.69 -0.960
-177.00 -30.72 15.5 9.19 48.77 0.883
-177.00 -30.72 15.5 23.24 42.62 -1.271
-178.64 -20.71 582.4 9.38 39.50 -1.260
112.84 -10.37 15.2 -66.15 18.11 1.231
-42.05 11.02 8.0 146.25 -20.09 -0.433
-72.77 -17.42 17.7 102.74 25.12 0.597
-72.77 -17.42 17.7 91.15 29.70 -0.054
-72.77 -17.42 17.7 91.15 29.70 -0.154
-72.77 -17.42 17.7 121.19 31.10 -0.785
97.17 1.42 10.6 -90.29 -0.67 2.615
131.42 29.42 34.3 -47.43 -23.59 -0.247
80.13 -41.32 13.4 -123.30 44.59 6.486
80.13 -41.32 13.4 -118.17 34.15 6.586
80.13 -41.32 13.4 -112.81 40.19 6.013
80.13 -41.32 13.4 -112.82 37.02 6.520
80.13 -41.32 13.4 -78.24 46.03 -1.347
80.13 -41.32 13.4 -78.00 45.53 -1.711
80.13 -41.32 13.4 -78.29 46.29 -1.462
80.13 -41.32 13.4 -78.58 46.62 -1.799
80.13 -41.32 13.4 -78.40 46.47 -1.878
-178.94 -29.27 318.1 25.53 37.07 -1.716
-178.94 -29.27 318.1 8.33 48.33 -1.443
-69.41 -31.53 123.8 103.84 36.09 2.291
-69.41 -31.53 123.8 121.19 31.10 0.915
-178.58 -17.40 569.9 -6.86 33.99 0.484
-67.22 -13.81 643.4 109.49 30.27 -2.106
-67.22 -13.81 643.4 121.50 24.97 -1.860
-46.90 -53.14 17.2 107.05 47.87 -0.898
-46.90 -53.14 17.2 142.76 46.96 0.497
-108.00 -35.89 8.3 78.55 17.42 -0.929
-108.00 -35.89 8.3 79.22 41.20 2.143
-108.00 -35.89 8.3 87.69 43.82 0.809
-108.00 -35.89 8.3 81.98 46.81 0.757
139.40 -50.72 5.9 -25.52 37.76 -3.565
121.89 24.22 44.8 -70.68 -33.15 1.280
132.16 29.37 15.1 -70.68 -33.15 0.544
132.16 29.37 15.1 -47.43 -23.59 0.936
132.16 29.37 15.1 -70.55 -40.73 1.590
-73.35 -38.95 34.8 108.92 34.03 -0.278
-73.35 -38.95 34.8 108.92 34.03 -0.178
-126.04 41.15 12.8 77.57 -37.80 0.171
126.17 10.00 34.5 -68.12 -16.27 -0.139
22.29 38.29 15.9 -169.88 -18.98 1.536
-178.01 -18.11 592.1 5.53 22.79 2.880
-126.83 40.80 12.5 51.86 -46.43 -0.068
-176.03 -26.61 12.7 6.68 45.05 3.068
167.89 -16.29 15.7 5.53 22.79 0.123
153.88 -3.91 386.3 -14.36 -7.93 1.893
131.47 31.16 15.4 -70.70 -29.01 -2.198
-176.46 -28.05 44.6 5.53 22.79 0.939
-172.87 -15.85 15.1 5.53 22.79 1.446
108.29 -10.48 11.9 -79.84 9.17 3.531
-179.46 -21.87 609.4 9.38 39.50 0.644
-115.13 -49.82 10.7 37.77 54.96 2.018
-115.13 -49.82 10.7 87.69 43.82 -1.666
-115.13 -49.82 10.7 70.28 53.06 0.244
-26.42 38.81 15.4 149.00 -35.32 1.123
-26.42 38.81 15.4 146.25 -20.09 1.230
130.53 43.69 573.6 -70.68 -33.15 -1.961
-176.27 -26.74 17.4 25.48 35.16 1.868
-176.27 -26.74 17.4 5.53 22.79 0.275
-176.27 -26.74 17.4 10.39 44.16 0.442
154.89 -7.97 14.7 -14.36 -7.93 -1.510
-75.05 -15.83 14.3 91.15 29.70 0.634
127.77 -1.51 15.0 -52.73 5.21 -2.600
179.36 -22.11 626.1 5.53 22.79 1.482
122.60 4.58 602.3 -52.64 5.11 1.538
122.60 4.58 602.3 -63.18 -8.95 -0.352
122.60 4.58 602.3 -63.18 -8.95 -0.352
-174.10 -21.19 11.8 25.50 35.18 3.173
-70.68 -23.04 15.3 91.13 29.70 0.184
-123.52 47.06 45.7 51.86 -46.43 1.720
97.10 1.75 9.3 -90.29 -0.67 1.854
-72.07 -30.11 7.0 103.84 36.09 2.888
-72.07 -30.11 7.0 102.74 25.12 -0.646
-72.07 -30.11 7.0 87.69 43.82 -1.062
-71.93 -17.39 17.6 91.15 29.70 -0.109
-71.93 -17.39 17.6 121.19 31.10 -2.028
-71.93 -17.39 17.6 121.19 31.10 -2.128
-71.93 -17.39 17.6 108.92 34.03 -1.682
-71.93 -17.39 17.6 108.92 34.03 -1.682
102.82 -5.49 27.7 -70.63 8.88 2.572
152.18 -6.31 14.9 -14.36 -7.93 1.914
-177.53 -19.64 414.0 2.73 36.30 7.683
-97.57 -36.55 9.3 102.74 25.12 -1.632
-97.57 -36.55 9.3 102.74 25.12 -1.632
122.37 24.06 18.3 -48.01 -15.64 1.057
122.37 24.06 18.3 -47.43 -23.59 -1.453
-176.25 -26.87 12.9 25.46 36.37 -0.598
-176.25 -26.87 12.9 5.53 22.79 1.040
178.21 -25.05 594.6 9.38 39.50 -1.253
-178.30 -22.20 388.7 4.54 45.28 0.855
-178.30 -22.20 388.7 4.54 45.28 0.955
-178.30 -22.20 388.7 -4.05 39.88 1.058
-178.30 -22.20 388.7 13.40 42.35 2.452
-178.30 -22.20 388.7 2.73 36.30 1.982
-178.30 -22.20 388.7 9.38 39.50 1.684
99.22 21.78 10.6 -70.55 -40.73 -2.775
167.54 -16.31 25.2 -16.95 14.39 0.166
167.54 -16.31 25.2 5.53 22.79 1.026
126.41 -4.40 384.0 -35.90 -5.83 -1.126
126.41 -4.40 384.0 -63.18 -8.95 -0.024
126.41 -4.40 384.0 -63.18 -8.95 0.176
126.41 -4.40 384.0 -70.63 8.88 1.394
-167.66 52.08 2.4 -2.84 -71.67 6.470
-167.66 52.08 2.4 20.81 -32.38 2.062
-178.96 -65.66 9.7 -62.35 82.50 -3.741
-72.65 -28.64 8.4 87.69 43.82 0.801
-72.65 -28.64 8.4 87.69 43.82 0.701
-72.65 -28.64 8.4 108.92 34.03 -0.107
-72.65 -28.64 8.4 108.92 34.03 0.293
120.26 1.09 14.8 -48.01 -15.64 -1.085
120.26 1.09 14.8 -76.84 -11.99 0.182
166.34 -11.02 92.3 -16.95 14.39 3.217
-177.95 -25.90 17.8 5.53 22.79 -2.683
35.93 -2.38 10.6 -155.53 19.76 2.833
142.40 -2.70 -1.3 -48.01 -15.64 1.097
108.76 -9.45 13.7 -63.18 -8.95 -1.481
-177.66 -26.11 7.0 5.53 22.79 2.926
-140.78 -56.96 16.1 25.53 37.07 -4.140
-177.45 -19.90 371.6 -4.35 39.55 0.838
-167.37 52.20 16.9 20.81 -32.38 0.556
-71.39 -8.12 627.1 98.98 18.79 -2.113
-71.39 -8.12 627.1 101.03 4.48 -0.847
132.97 42.28 486.4 -57.33 -26.33 0.284
-178.44 -17.90 594.1 -6.86 33.99 2.763
174.93 -22.23 28.6 -4.05 39.88 -0.472
-177.10 -26.63 16.8 4.54 45.28 -0.747
-177.10 -26.63 16.8 8.33 48.33 0.953
-177.10 -26.63 16.8 13.76 45.71 0.364
-69.33 -19.47 15.6 108.92 34.03 -0.422
-69.33 -19.47 15.6 108.92 34.03 -0.322
167.68 -16.93 16.2 5.53 22.79 1.370
-72.23 -30.48 12.8 103.84 36.09 1.718
-72.23 -30.48 12.8 102.74 25.12 -0.483
167.65 -15.50 128.5 -16.95 14.39 -1.834
-72.17 -30.52 8.2 103.84 36.09 1.576
-72.17 -30.52 8.2 102.74 25.12 -0.465
-72.17 -30.52 8.2 87.69 43.82 -1.213
120.04 1.29 20.1 -68.08 -16.17 0.779
-168.24 52.10 20.4 20.81 -32.38 0.484
94.40 5.13 31.0 -90.29 -0.67 1.852
-70.59 -23.38 11.8 102.74 25.12 1.183
-18.00 -0.02 13.4 144.87 13.59 -2.268
-177.49 -30.23 13.8 11.22 49.69 0.219
-177.49 -30.23 13.8 6.68 45.05 2.487
139.23 29.37 440.0 -48.01 -15.64 0.794
116.92 -11.21 21.6 -78.45 0.24 0.365
116.92 -11.21 21.6 -78.45 0.24 1.365
-71.79 -31.85 33.9 103.84 36.09 2.530
-70.50 -23.05 11.7 102.74 25.12 0.701
-43.54 -60.89 8.0 119.74 49.27 -1.977
-43.54 -60.89 8.0 129.68 62.03 0.155
144.28 26.08 17.0 -35.90 -5.83 1.816
179.90 -23.88 543.3 -17.91 28.68 1.337
179.90 -23.88 543.3 9.38 39.50 0.653
143.80 4.12 12.2 -48.01 -15.64 2.693
140.41 -3.54 12.0 -52.64 5.11 -1.385
-179.78 -30.86 396.6 7.16 48.22 -0.088
-179.78 -30.86 396.6 5.53 22.79 -3.743
-179.78 -30.86 396.6 2.73 36.30 1.958
-179.78 -30.86 396.6 9.38 39.50 0.703
145.28 13.20 58.8 -48.01 -15.64 1.661
125.94 12.03 15.1 -48.01 -15.64 -0.188
167.18 -45.05 12.0 9.60 59.65 -2.595
178.89 -35.90 109.3 2.73 36.30 5.906
126.70 2.13 21.2 -68.12 -16.27 2.963
-71.02 -27.48 38.8 102.74 25.12 -0.707
-180.14 -31.41 367.7 23.24 42.62 0.377
-125.40 41.49 11.1 55.75 -21.16 2.383
153.30 -5.27 45.7 -16.95 14.39 5.791
-125.24 41.64 12.1 55.75 -21.16 -4.860
-76.38 -13.81 22.6 98.98 18.79 -1.011
-76.94 -13.77 6.7 121.50 24.97 0.923
-63.42 -26.72 561.5 137.03 35.35 3.451
-63.42 -26.72 561.5 108.92 34.03 -0.762
128.34 6.27 -10.4 -59.56 13.14 0.309
-39.07 8.32 -0.4 143.18 -13.96 0.350
-39.07 8.32 -0.4 151.08 -25.37 -1.820
-39.07 8.32 -0.4 125.64 -18.10 0.202
-39.07 8.32 -0.4 131.13 -12.84 2.994
80.11 -41.69 13.3 -105.61 39.80 3.939
80.11 -41.69 13.3 -90.25 42.91 1.671
80.11 -41.69 13.3 -71.93 44.24 2.721
80.11 -41.69 13.3 -79.85 39.66 4.311
-84.09 9.23 11.2 96.83 -12.19 -0.050
-46.32 -53.13 13.7 119.74 49.27 -2.168
-46.32 -53.13 13.7 103.64 51.68 -1.062
-46.32 -53.13 13.7 142.76 46.96 0.284
-179.47 -36.60 52.9 7.16 48.22 1.227
-179.47 -36.60 52.9 13.40 42.35 2.303
-14.00 -58.42 16.1 -147.85 64.87 -3.651
-14.00 -58.42 16.1 129.68 62.03 4.336
-14.00 -58.42 16.1 142.76 46.96 1.211
-14.00 -58.42 16.1 162.71 56.26 -1.396
-88.10 11.78 12.0 96.83 -12.19 2.311
-179.29 -36.68 14.6 16.41 50.36 -0.572
-71.16 -27.62 29.0 102.74 25.12 -0.043
-71.16 -27.62 29.0 102.74 25.12 -0.143
-71.16 -27.62 29.0 121.50 24.97 1.615
-179.43 -22.31 595.6 -4.86 6.67 -0.293
-70.18 -35.28 11.0 87.69 43.82 -1.867
-70.18 -35.28 11.0 87.69 43.82 -1.967
125.02 -0.06 42.7 -52.73 5.21 0.809
-27.02 -55.83 14.1 156.81 51.47 2.170
143.26 38.36 8.6 -61.98 -38.06 1.135
143.26 38.36 8.6 -61.98 -38.06 1.235
-178.67 -17.70 570.1 5.53 22.79 1.899
148.28 17.10 11.3 -14.36 -7.93 1.230
132.45 43.38 487.0 -61.98 -38.06 1.159
132.45 43.38 487.0 -61.98 -38.06 1.159
-109.83 24.84 11.2 47.23 -19.02 -0.230
-178.11 -17.81 612.0 5.53 22.79 2.721
165.87 -11.66 10.7 -14.36 -7.93 -0.274
165.87 -11.66 10.7 -14.36 -7.93 -0.274
-177.58 -20.51 382.5 14.52 35.84 2.819
-71.58 -29.55 31.5 102.74 25.12 -1.021
123.27 2.95 444.7 -61.14 14.73 0.161
178.47 -26.45 616.6 5.53 22.79 1.624
178.47 -26.45 616.6 -4.61 32.82 0.068
136.85 32.81 7.8 -58.06 -51.68 2.893
-142.47 -56.54 9.6 30.51 37.84 -4.905
-28.82 -55.46 12.5 -174.20 52.20 -0.537
97.11 -13.23 13.6 -87.00 33.03 2.895
-65.92 -28.59 19.9 109.49 30.27 -0.127
-97.99 -36.70 12.4 91.15 29.70 -2.474
-97.99 -36.70 12.4 74.49 42.63 0.551
-97.99 -36.70 12.4 73.69 42.13 -0.268
41.64 -39.74 14.4 -116.86 33.35 -0.971
179.03 -22.63 622.6 14.52 35.84 1.714
-122.13 -56.19 15.9 78.62 50.72 2.755
120.16 -7.24 579.3 -59.56 13.14 0.688
120.16 -7.24 579.3 -61.14 14.73 -0.461
120.16 -7.24 579.3 -70.63 8.88 -0.004
94.96 4.74 46.2 -90.29 -0.67 2.155
133.09 -0.58 13.2 -61.14 14.73 0.503
-178.99 -20.81 626.8 -6.18 36.64 0.952
-178.99 -20.81 626.8 14.52 35.87 1.229
53.76 -36.02 14.0 -120.39 38.03 1.984
-177.16 -29.33 15.5 5.53 22.79 0.211
93.28 12.98 21.1 -68.91 -22.62 -0.037
93.28 12.98 21.1 -68.91 -22.61 -0.038
101.01 -4.23 5.0 -79.84 9.17 1.752
-108.03 -35.34 12.8 79.22 41.20 5.258
-174.61 -22.32 17.4 13.40 42.35 2.629
129.98 44.78 583.3 -70.68 -33.15 -1.799
120.33 14.32 103.6 -63.18 -8.95 -1.348
135.82 41.27 375.4 -61.98 -38.06 0.539
118.87 22.60 10.5 -76.84 -11.99 0.356
118.87 22.60 10.5 -64.18 -19.49 1.570
100.85 -2.83 38.4 -79.84 9.17 1.254
96.29 19.83 12.2 -90.29 -0.67 3.185
96.29 19.83 12.2 -90.29 -0.67 3.485
-173.03 -16.23 15.5 5.53 22.79 1.837
104.10 -5.79 43.2 -70.63 8.88 1.892
100.29 -3.25 10.8 -79.84 9.17 -0.172
100.29 -3.25 10.8 -75.11 19.93 0.988
100.29 -3.25 10.8 -84.95 10.29 0.722
100.29 -3.25 10.8 -66.15 18.11 0.181
-179.91 -30.84 409.9 8.33 48.33 -0.315
-179.91 -30.84 409.9 6.68 45.05 2.923
-179.91 -30.84 409.9 15.82 39.99 1.051
-179.91 -30.84 409.9 19.99 44.10 0.332
-179.91 -30.84 409.9 7.16 48.22 -0.033
-179.91 -30.84 409.9 11.22 49.69 0.052
-179.91 -30.84 409.9 9.35 46.47 1.524
121.41 23.88 11.2 -70.55 -40.73 -0.033
121.41 23.88 11.2 -76.84 -11.99 -0.084
178.33 -26.42 621.7 5.53 22.79 2.188
99.41 -1.91 16.3 -88.28 20.23 0.730
169.45 -21.12 17.6 -25.52 37.76 0.317
-51.35 -53.73 17.1 119.74 49.27 -0.352
-51.35 -53.73 17.1 103.64 51.68 0.040
-51.35 -53.73 17.1 142.76 46.96 1.535
-74.37 -15.81 29.3 98.98 18.79 -1.122
126.34 3.76 12.0 -47.43 -23.59 -0.043
126.34 3.76 12.0 -59.97 -0.73 0.474
-177.16 -30.29 14.5 25.53 37.07 -1.299
-177.16 -30.29 14.5 24.89 34.98 1.055
-177.16 -30.29 14.5 26.22 35.11 1.951
146.05 10.25 -16.1 -14.36 -7.93 0.625
146.05 10.25 -16.1 -14.36 -7.93 0.625
125.18 24.34 19.4 -68.12 -16.27 0.033
101.07 -4.37 12.8 -61.14 14.73 -0.124
-108.27 23.38 13.5 55.75 -21.16 -5.140
-62.45 11.14 111.1 110.52 -7.91 0.129
-62.45 11.14 111.1 119.75 -5.01 0.659
166.90 -15.45 18.7 5.53 22.79 0.318
166.90 -15.45 18.7 -2.94 35.29 0.770
125.42 -7.02 536.1 -63.18 -8.95 0.199
92.88 2.15 -6.2 -76.84 -11.99 3.213
92.88 2.15 -6.2 -76.84 -11.99 3.213
92.88 2.15 -6.2 -90.29 -0.67 4.472
-173.97 -20.44 17.9 15.82 39.99 1.816
179.51 -25.11 524.2 5.53 22.79 -0.573
101.66 -1.95 15.1 -68.08 -16.17 -1.090
101.66 -1.95 15.1 -76.84 -11.99 0.068
101.66 -1.95 15.1 -74.04 4.59 0.472
119.38 -9.91 25.3 -61.14 14.73 -0.353
-170.04 -16.35 13.8 -2.94 35.29 1.961
88.08 -41.92 13.6 -118.06 34.22 3.529
88.08 -41.92 13.6 -104.04 44.12 3.283
88.08 -41.92 13.6 -104.04 44.12 3.283
162.21 -10.78 41.5 -16.95 14.39 1.839
-174.89 -23.31 11.5 -7.54 40.40 2.387
-174.89 -23.31 11.5 -4.35 39.55 1.620
-174.03 -20.99 13.9 -4.35 39.55 3.014
120.02 13.83 19.8 -63.18 -8.95 -1.129
-172.99 -15.01 43.4 5.53 22.79 3.027
29.00 -51.20 14.3 -123.49 42.77 1.054
99.42 -1.89 27.0 -90.29 -0.67 2.691
99.42 -1.89 27.0 -90.29 -0.67 2.691
126.63 5.47 29.7 -35.90 -5.83 0.433
95.04 4.66 47.7 -90.29 -0.67 2.388
-132.30 52.55 9.8 51.86 -46.43 2.092
100.38 -3.36 10.7 -78.45 0.24 -1.233
100.38 -3.36 10.7 -78.45 0.24 -1.333
100.38 -3.36 10.7 -90.29 -0.67 2.489
124.58 13.83 19.2 -52.73 5.21 -0.325
124.58 13.83 19.2 -48.01 -15.64 2.174
155.53 -7.29 13.2 -4.86 6.67 -1.099
155.56 -7.05 20.7 -4.86 6.67 -0.797
-178.58 -17.75 589.4 -6.86 33.99 0.742
-178.58 -17.75 589.4 -6.21 36.47 1.400
-156.06 19.88 51.1 28.19 -15.28 1.974
-156.06 19.88 51.1 28.19 -15.28 1.974
167.67 -44.72 7.3 -21.33 64.75 1.031
167.67 -44.72 7.3 9.60 59.65 -1.748
167.67 -44.72 7.3 9.60 59.65 -1.748
167.95 -44.71 13.5 -21.33 64.75 1.016
92.12 -2.37 23.3 -99.18 19.33 2.319
92.12 -2.37 23.3 -76.84 -11.99 2.638
154.69 -6.51 17.9 -4.86 6.67 -0.402
179.60 -25.56 504.6 15.82 39.99 0.158
179.60 -25.56 504.6 9.38 39.50 0.318
179.60 -25.56 504.6 14.52 35.84 -0.753
-116.23 34.65 3.2 55.75 -21.16 -4.455
-65.01 19.29 16.1 110.52 -7.91 1.831
-65.01 19.29 16.1 134.36 -19.93 0.486
130.08 28.06 10.9 -70.68 -33.15 0.250
-26.51 -56.20 37.9 150.77 59.58 -0.143
-26.51 -56.20 37.9 158.65 53.02 0.202
140.49 -3.57 19.1 -48.01 -15.64 1.581
140.49 -3.57 19.1 -35.90 -5.83 1.392
140.49 -3.57 19.1 -35.90 -5.83 1.592
78.63 30.70 13.2 -109.33 -27.13 1.059
169.64 -19.12 16.6 2.73 36.30 2.869
130.25 28.18 18.0 -70.68 -33.15 0.469
130.05 28.28 7.2 -70.68 -33.15 0.746
131.82 31.94 15.6 -70.55 -40.73 1.141
166.68 -13.90 24.2 -14.36 -7.93 1.902
-174.86 -17.33 291.2 -6.18 36.64 1.303
-174.86 -17.33 291.2 14.52 35.87 1.422
179.38 -36.93 17.5 -4.35 39.55 2.005
-177.05 -29.74 13.2 2.73 36.30 1.457
-177.05 -29.74 13.2 9.38 39.50 -0.272
-179.60 -30.57 358.1 24.89 34.98 1.569
-179.60 -30.57 358.1 25.53 37.07 -1.265
-179.60 -30.57 358.1 8.33 48.33 0.235
-179.60 -30.57 358.1 3.07 47.30 0.434
134.81 37.34 388.6 -61.98 -38.06 1.131
134.81 37.34 388.6 -61.98 -38.06 1.131
102.55 25.65 15.7 -70.68 -33.15 2.670
28.71 -1.89 13.7 -158.01 21.42 1.254
101.02 -4.09 10.1 -79.84 9.17 1.438
101.02 -4.09 10.1 -61.14 14.73 -0.136
101.02 -4.09 10.1 -88.28 20.23 0.602
-177.21 -29.56 20.1 7.16 48.22 0.657
-110.31 -34.69 7.9 79.22 41.20 0.859
105.46 -6.78 40.8 -70.63 8.88 0.911
-173.46 -19.35 15.7 -6.18 36.64 2.969
-76.39 -13.20 33.0 98.98 18.79 -2.116
-76.39 -13.20 33.0 98.98 18.79 -2.116
-76.39 -13.20 33.0 121.50 24.97 -1.744
140.71 26.25 386.3 -35.90 -5.83 1.586
-63.05 -28.66 605.0 138.21 36.54 -0.678
-128.30 43.48 12.6 51.86 -46.43 2.744
179.24 -25.63 531.1 5.53 22.79 0.350
179.24 -25.63 531.1 -17.91 28.68 1.262
-61.36 17.53 21.6 134.36 -19.93 -0.349
94.44 5.16 35.3 -90.29 -0.67 1.499
142.70 37.85 12.0 -58.06 -51.68 0.890
142.70 37.85 12.0 -61.98 -38.06 0.625
142.70 37.85 12.0 -61.98 -38.06 0.625
142.70 37.85 12.0 -46.03 -20.04 -1.611
167.17 -44.95 17.7 9.60 59.65 -1.668
167.17 -44.95 17.7 -7.54 40.40 -0.339
-71.53 -28.96 12.6 108.92 34.03 -0.522
159.94 -9.86 15.2 -4.86 6.67 -0.159
147.13 14.27 14.9 -14.36 -7.93 0.124
-178.95 -17.18 569.3 5.53 22.79 0.023
158.07 -57.06 13.7 7.16 48.22 -0.472
158.07 -57.06 13.7 9.19 48.77 1.474
158.07 -57.06 13.7 6.15 49.66 1.960
158.07 -57.06 13.7 -3.20 55.32 2.212
158.07 -57.06 13.7 9.60 59.65 1.650
-179.89 -30.95 357.9 11.22 49.69 -0.048
124.88 12.74 25.7 -68.91 -22.62 2.904
124.88 12.74 25.7 -68.91 -22.61 2.905
-153.23 55.91 20.2 51.86 -46.43 1.305
143.67 28.11 14.9 -57.33 -26.33 0.649
-29.47 -55.46 8.8 119.74 49.27 -1.626
-29.47 -55.46 8.8 150.77 59.58 -0.988
-29.47 -55.46 8.8 158.65 53.02 -0.013
144.58 47.87 490.9 -58.06 -51.68 -0.397
151.44 -6.15 13.4 -14.36 -7.93 0.161
151.44 -6.15 13.4 -14.36 -7.93 0.161
175.09 -22.17 14.4 -4.05 39.88 -0.734
-176.30 -24.38 15.5 4.54 45.28 -0.210
-19.60 -0.33 15.7 147.15 -9.41 4.381
-19.60 -0.33 15.7 147.15 -9.41 4.481
120.68 57.47 7.8 -61.98 -38.06 -1.152
161.39 -51.28 14.3 8.33 48.33 0.729
161.39 -51.28 14.3 6.68 45.05 2.392
161.39 -51.28 14.3 7.16 48.22 1.107
161.39 -51.28 14.3 9.60 59.65 1.713
-179.14 -30.57 13.9 13.40 42.35 1.269
-179.14 -30.57 13.9 14.31 41.72 -0.562
137.20 33.32 378.4 -61.98 -38.06 1.306
137.20 33.32 378.4 -61.98 -38.06 1.306
137.20 33.32 378.4 -44.58 -13.43 -0.149
151.21 -6.28 19.3 -14.36 -7.93 0.469
151.21 -6.28 19.3 -14.36 -7.93 0.469
-178.17 -21.95 374.2 -4.35 39.55 2.214
-74.82 -15.42 36.2 109.49 30.27 0.039
-74.82 -15.42 36.2 102.74 25.12 -0.389
128.82 -2.91 24.2 -63.18 -8.95 -0.597
128.82 -2.91 24.2 -63.18 -8.95 -0.597
-63.27 -26.15 574.5 109.49 30.27 -0.123
-63.27 -26.15 574.5 102.74 25.12 0.980
-63.27 -26.15 574.5 102.74 25.12 0.880
-63.27 -26.15 574.5 109.84 19.03 2.981
-63.27 -26.15 574.5 108.92 34.03 -0.244
-63.27 -26.15 574.5 108.92 34.03 0.256
144.96 37.96 6.6 -58.06 -51.68 3.282
-68.88 -23.43 112.8 102.74 25.12 0.402
-68.88 -23.43 112.8 102.74 25.12 0.402
166.65 -14.67 22.8 5.53 22.79 0.853
-172.00 -17.42 14.7 15.89 38.26 2.917
-70.30 -22.88 15.3 102.74 25.12 0.636
-70.30 -22.88 15.3 102.74 25.12 0.636
-70.30 -22.88 15.3 109.84 19.03 0.606
-70.48 -22.97 9.4 116.17 40.02 -2.472
-70.48 -22.97 9.4 98.98 18.79 -2.367
-70.48 -22.97 9.4 116.21 6.04 -2.228
-70.48 -22.97 9.4 102.74 25.12 0.680
-70.48 -22.97 9.4 102.74 25.12 0.680
-70.48 -22.97 9.4 103.85 1.79 -0.548
-75.75 -15.07 22.2 98.94 18.81 -2.019
-141.74 -56.34 16.0 44.74 40.15 5.050
152.28 -5.15 15.3 -14.36 -7.93 0.020
-70.80 -23.17 5.1 98.98 18.79 -1.809
-70.80 -23.17 5.1 102.74 25.12 1.545
-70.80 -23.17 5.1 102.74 25.12 1.445
-70.80 -23.17 5.1 91.15 29.70 -1.176
-70.80 -23.17 5.1 91.15 29.70 -1.176
-70.80 -23.17 5.1 121.50 24.97 -1.397
94.60 4.61 38.0 -90.29 -0.67 1.033
-70.56 -22.85 17.4 116.17 40.02 -1.988
-70.56 -22.85 17.4 98.98 18.79 -2.674
-70.56 -22.85 17.4 102.74 25.12 0.901
-70.56 -22.85 17.4 102.74 25.12 0.801
111.05 -10.13 12.7 -84.11 10.00 3.841
-70.44 -22.85 24.4 102.74 25.12 2.770
-70.44 -22.85 24.4 102.74 25.12 2.770
-173.01 -17.80 30.1 5.53 22.79 2.151
162.55 -50.35 15.8 4.54 45.28 4.592
-68.78 -21.64 109.3 109.49 30.27 1.835
-68.78 -21.64 109.3 102.74 25.12 1.361
-68.78 -21.64 109.3 102.74 25.12 1.361
166.91 -14.93 36.2 -23.61 14.97 1.925
95.02 4.64 51.8 -90.29 -0.67 2.450
95.02 4.64 51.8 -90.29 -0.67 2.250
34.72 28.89 12.4 -149.58 -17.57 0.115
179.05 -24.22 562.0 -6.86 33.99 0.263
179.05 -24.22 562.0 5.53 22.79 -0.216
118.60 -8.29 15.6 -61.65 12.13 -1.116
-177.34 -30.05 17.2 23.93 35.41 1.706
-177.34 -30.05 17.2 5.53 22.79 2.975
-178.31 -32.96 14.4 25.50 35.18 2.069
-178.31 -32.96 14.4 17.54 49.78 0.367
-178.31 -32.96 14.4 23.24 42.62 0.571
-72.03 -31.46 20.5 103.84 36.09 2.027
-72.03 -31.46 20.5 109.84 19.03 0.916
-72.03 -31.46 20.5 103.64 51.68 -1.283
-72.03 -31.46 20.5 121.50 24.97 0.630
-68.81 -13.85 600.1 109.49 30.27 -0.691
-68.81 -13.85 600.1 102.74 25.12 -0.386
-71.08 -24.95 44.6 102.74 25.12 -0.562
-71.08 -24.95 44.6 102.74 25.12 -0.562
-175.97 -16.57 376.3 18.42 5.18 -0.387
-175.97 -16.57 376.3 5.53 22.79 0.433
-174.00 -21.14 13.9 -4.35 39.55 1.900
-179.59 -35.25 13.9 6.68 45.05 2.266
-179.59 -35.25 13.9 19.89 47.92 0.491
-179.59 -35.25 13.9 23.93 35.41 0.977
97.86 1.90 49.4 -78.45 0.24 2.046
97.86 1.90 49.4 -78.45 0.24 2.046
-179.52 -30.48 365.7 4.54 45.28 0.460
-179.52 -30.48 365.7 13.76 45.71 -0.375
178.78 -26.44 572.0 4.54 45.28 -0.629
178.78 -26.44 572.0 9.38 39.50 0.815
125.47 12.40 19.2 -35.90 -5.83 0.496
-177.20 -29.94 16.9 5.93 50.76 0.082
129.68 28.33 27.9 -68.91 -22.62 2.655
129.68 28.33 27.9 -70.70 -29.01 1.581
129.68 28.33 27.9 -68.91 -22.61 2.657
126.23 0.87 17.6 -68.08 -16.17 -1.779
-97.77 -36.50 10.1 91.15 29.70 -4.498
-97.77 -36.50 10.1 91.15 29.70 -4.498
-97.77 -36.50 10.1 74.49 42.64 -0.283
152.20 -6.18 15.3 -14.36 -7.93 -1.025
171.32 -23.17 12.6 -16.95 14.39 2.026
119.99 15.93 32.4 -47.43 -23.59 2.703
119.99 15.93 32.4 -48.01 -15.64 2.111
119.99 15.93 32.4 -76.84 -11.99 0.665
119.99 15.93 32.4 -70.70 -29.01 -0.187
124.92 -42.69 14.6 -28.70 38.63 1.511
-70.47 -23.19 19.6 98.98 18.79 -2.979
-70.47 -23.19 19.6 102.74 25.12 1.095
-70.47 -23.19 19.6 102.74 25.12 1.095
-70.47 -23.19 19.6 100.65 5.29 -1.292
-70.47 -23.19 19.6 118.50 5.18 -2.202
-70.47 -23.19 19.6 91.15 29.70 -1.059
-70.47 -23.19 19.6 112.21 2.45 -1.890
-70.47 -23.19 15.8 98.98 18.79 -3.362
-70.47 -23.19 15.8 101.03 4.48 -1.198
-70.47 -23.19 15.8 102.74 25.12 0.344
-70.47 -23.19 15.8 102.74 25.12 0.344
-70.47 -23.19 15.8 103.85 1.79 -0.597
-70.47 -23.19 15.8 110.31 1.47 -1.095
-70.47 -23.19 15.8 100.65 5.29 -0.443
-70.47 -23.19 15.8 91.15 29.70 -0.312
-70.47 -23.19 15.8 91.15 29.70 -0.412
-70.47 -23.19 15.8 112.21 2.45 -0.228
121.59 23.94 12.7 -47.90 -15.66 -0.359
141.66 44.03 7.8 -61.98 -38.06 0.896
-70.30 -23.08 22.1 102.74 25.12 2.679
-70.30 -23.08 22.1 102.74 25.12 2.579
-70.30 -23.08 22.1 121.50 24.97 0.992
-70.30 -23.08 22.1 121.37 24.67 1.690
126.04 1.18 26.6 -52.73 5.21 0.983
-179.34 -21.75 600.4 14.52 35.84 0.838
94.93 4.72 54.9 -90.29 -0.67 2.358
155.62 -62.35 13.2 9.60 59.65 0.778
-178.99 -20.99 648.5 14.52 35.87 1.441
144.91 11.72 8.5 -35.90 -5.83 1.759
131.36 -3.98 15.7 -48.01 -15.64 -0.713
178.06 -38.54 10.4 -6.86 33.99 -0.623
-135.91 -54.60 13.5 7.88 54.18 1.693
-135.91 -54.60 13.5 23.18 54.01 3.641
96.79 2.10 21.9 -76.84 -11.99 0.824
96.79 2.10 21.9 -76.84 -11.99 0.724
96.79 2.10 21.9 -90.29 -0.67 2.365
96.79 2.10 21.9 -90.29 -0.67 2.365
96.79 2.10 21.9 -87.27 14.06 0.270
159.65 -9.54 12.7 -23.61 14.97 1.677
-172.82 -14.89 39.0 5.53 22.79 1.875
-178.42 -34.68 37.2 6.68 45.05 3.539
-178.42 -34.68 37.2 4.54 45.28 1.792
-80.23 -44.68 14.8 103.84 36.09 2.259
-176.53 -28.10 12.4 5.53 22.79 0.437
-176.53 -28.10 12.4 6.15 49.66 1.057
-167.83 51.97 0.6 20.81 -32.38 1.477
169.95 -21.82 20.8 5.53 22.79 1.025
169.95 -21.82 20.8 4.27 39.90 1.236
169.95 -21.82 20.8 -2.94 35.29 0.987
169.95 -21.82 20.8 -7.54 40.40 1.005
169.91 -21.64 20.8 -7.54 40.40 0.579
169.91 -21.64 20.8 -4.35 39.55 0.704
-168.02 51.74 6.5 20.81 -32.38 1.546
165.46 -11.20 13.2 -14.36 -7.93 0.752
-177.75 -31.94 16.7 20.52 44.80 -1.389
