178.73 -17.62 678.2 4.54 45.28 3.469
-177.90 -19.88 590.0 77.57 -37.80 2.806
-177.90 -19.88 590.0 -106.46 34.95 1.201
-177.90 -19.88 590.0 -21.33 64.75 4.405
-177.90 -19.88 590.0 -21.33 64.75 4.405
-177.90 -19.88 590.0 -113.94 46.83 2.070
-177.90 -19.88 590.0 -117.12 48.26 3.821
-177.90 -19.88 590.0 -35.90 -5.83 4.462
-177.90 -19.88 590.0 -35.90 -5.83 4.562
-177.90 -19.88 590.0 25.46 36.37 0.743
-177.90 -19.88 590.0 26.22 35.11 -1.307
-177.90 -19.88 590.0 -134.85 58.58 6.944
-177.90 -19.88 590.0 -150.92 63.55 3.738
-177.45 -20.53 392.4 42.85 11.53 0.233
-177.45 -20.53 392.4 -47.43 -23.59 1.095
-177.45 -20.53 392.4 4.54 45.28 2.182
-177.45 -20.53 392.4 5.53 22.79 -0.004
-177.45 -20.53 392.4 24.96 35.38 -0.965
-177.45 -20.53 392.4 7.76 52.31 3.971
-177.45 -20.53 392.4 22.71 49.63 -0.362
145.13 19.01 610.8 -116.67 32.68 4.201
145.13 19.01 610.8 -109.56 42.77 5.236
145.13 19.01 610.8 -114.83 33.05 5.963
145.13 19.01 610.8 -116.81 35.30 5.128
145.13 19.01 610.8 -105.61 39.80 5.444
145.13 19.01 610.8 -112.82 37.02 5.635
145.13 19.01 610.8 -35.90 -5.83 1.091
145.13 19.01 610.8 -116.85 33.63 5.944
145.13 19.01 610.8 -117.10 34.11 5.925
-173.77 -16.77 159.4 22.71 49.63 1.238
-173.77 -16.77 159.4 25.95 45.49 2.353
-173.77 -16.77 159.4 13.32 54.55 12.906
-173.77 -16.77 159.4 23.18 54.01 0.991
-173.77 -16.77 159.4 102.74 25.12 -0.298
-173.77 -16.77 159.4 102.74 25.12 -0.298
-173.77 -16.77 159.4 91.15 29.70 1.455
-173.77 -16.77 159.4 91.15 29.70 1.355
-173.77 -16.77 159.4 87.69 43.82 0.153
-173.77 -16.77 159.4 87.69 43.82 0.053
-173.77 -16.77 159.4 -14.36 -7.93 4.694
-69.48 -13.27 601.4 4.54 45.28 2.545
-69.48 -13.27 601.4 -6.38 53.25 3.055
-69.48 -13.27 601.4 25.26 -28.61 -6.149
-69.48 -13.27 601.4 108.92 34.03 -2.412
-69.48 -13.27 601.4 -62.35 82.50 -0.849
-69.48 -13.27 601.4 -3.20 55.32 4.244
-69.48 -13.27 601.4 9.60 59.65 3.048
-69.48 -13.27 601.4 117.23 -32.93 -2.958
-69.48 -13.27 601.4 142.76 46.96 -1.586
-69.48 -13.27 601.4 9.38 39.50 2.957
-175.88 -16.03 379.7 39.58 -69.01 -1.125
-179.12 -20.10 679.6 102.74 25.12 3.722
-179.12 -20.10 679.6 102.74 25.12 3.622
-179.12 -20.10 679.6 -58.06 -51.68 3.737
-178.37 -17.33 558.9 34.95 29.67 -1.123
-178.37 -17.33 558.9 -2.94 35.29 3.564
-178.37 -17.33 558.9 108.92 34.03 -1.589
-179.11 -21.04 642.6 13.40 42.35 -1.383
-179.11 -21.04 642.6 166.45 68.07 2.419
-179.11 -21.04 642.6 109.49 30.27 -0.112
-179.11 -21.04 642.6 119.74 49.27 0.422
-179.11 -21.04 642.6 102.74 25.12 2.469
-179.11 -21.04 642.6 102.74 25.12 2.369
-179.11 -21.04 642.6 -4.35 39.55 -0.964
-179.11 -21.04 642.6 -35.90 -5.83 -1.457
-179.11 -21.04 642.6 -35.90 -5.83 -1.357
-179.11 -21.04 642.6 108.92 34.03 -0.148
122.70 -7.77 258.1 -64.70 32.37 -1.192
122.70 -7.77 258.1 33.33 34.96 -2.276
122.70 -7.77 258.1 -84.11 10.00 5.563
122.70 -7.77 258.1 -133.52 68.31 1.716
122.70 -7.77 258.1 -79.85 39.66 5.144
122.70 -7.77 258.1 -73.91 41.01 -0.343
122.70 -7.77 258.1 -66.15 18.11 2.003
122.70 -7.77 258.1 13.76 45.71 -3.087
122.70 -7.77 258.1 14.52 35.84 -1.807
122.70 -7.77 258.1 -114.48 62.48 1.797
122.70 -7.77 258.1 -114.60 62.43 1.595
122.70 -7.77 258.1 -114.74 62.49 2.287
122.70 -7.77 258.1 -150.92 63.55 3.520
138.88 34.78 166.6 -106.46 34.95 5.895
138.88 34.78 166.6 -70.70 -29.01 5.078
-175.88 -20.52 220.4 9.60 59.65 2.617
-179.06 -20.71 646.2 70.21 -49.35 3.903
-179.06 -20.71 646.2 -99.18 19.33 6.919
-179.06 -20.71 646.2 -76.84 -11.99 5.258
-179.06 -20.71 646.2 -106.46 34.95 3.380
-179.06 -20.71 646.2 -147.79 64.90 1.532
-179.06 -20.71 646.2 17.58 -19.20 2.840
-179.06 -20.71 646.2 -112.81 40.19 1.741
-179.06 -20.71 646.2 -117.12 48.26 2.216
179.10 -22.87 588.8 37.25 -1.13 2.475
179.10 -22.87 588.8 37.25 -1.13 2.475
146.15 18.50 156.3 -116.46 33.61 5.368
146.15 18.50 156.3 -71.56 42.51 2.386
146.15 18.50 156.3 -116.46 33.61 5.268
146.15 18.50 156.3 -68.12 46.93 -1.009
70.42 36.40 211.4 -70.55 -40.73 -1.411
70.42 36.40 211.4 -35.90 -5.83 -2.779
125.34 5.12 177.3 -78.45 0.24 2.429
125.34 5.12 177.3 -66.15 18.11 -0.377
166.84 -13.15 188.9 -4.35 39.55 1.008
166.84 -13.15 188.9 -35.90 -5.83 3.001
166.84 -13.15 188.9 -112.24 34.49 3.757
-65.73 -22.05 265.9 79.22 41.20 1.101
-65.73 -22.05 265.9 102.74 25.12 -1.437
-65.73 -22.05 265.9 23.24 42.62 -3.669
-178.49 -17.85 649.7 -1.00 37.59 6.127
128.47 -5.55 395.8 -124.57 47.95 5.812
128.47 -5.55 395.8 -122.97 47.72 6.349
128.47 -5.55 395.8 -123.30 44.59 6.020
128.47 -5.55 395.8 -122.46 38.35 1.374
128.47 -5.55 395.8 -123.77 47.12 6.512
128.47 -5.55 395.8 -122.80 47.11 6.611
128.47 -5.55 395.8 -121.99 47.19 5.212
128.47 -5.55 395.8 -122.72 46.59 6.779
128.47 -5.55 395.8 -121.76 46.56 5.364
128.47 -5.55 395.8 -123.56 45.93 6.624
128.47 -5.55 395.8 -122.42 45.93 6.715
128.47 -5.55 395.8 -121.46 45.88 4.806
128.47 -5.55 395.8 -121.32 45.24 6.469
128.47 -5.55 395.8 -124.00 44.68 5.774
128.47 -5.55 395.8 -123.29 44.68 5.824
128.47 -5.55 395.8 -122.19 44.68 4.831
128.47 -5.55 395.8 -122.96 42.61 6.433
128.47 -5.55 395.8 -123.83 44.00 4.728
128.47 -5.55 395.8 -123.28 43.97 5.888
128.47 -5.55 395.8 -123.57 43.37 5.688
128.47 -5.55 395.8 -124.03 40.82 3.851
128.47 -5.55 395.8 -124.47 42.81 6.339
128.47 -5.55 395.8 -68.91 -22.61 3.385
128.47 -5.55 395.8 -68.91 -22.61 3.485
128.47 -5.55 395.8 -122.12 41.27 4.679
128.47 -5.55 395.8 -122.44 38.88 1.862
128.47 -5.55 395.8 -123.82 40.14 4.259
128.47 -5.55 395.8 -122.79 40.18 4.161
128.47 -5.55 395.8 -124.18 47.75 6.375
128.47 -5.55 395.8 -130.10 -25.07 6.592
128.47 -5.55 395.8 -35.90 -5.83 0.065
128.47 -5.55 395.8 -35.90 -5.83 0.165
128.47 -5.55 395.8 -121.33 37.50 3.076
128.47 -5.55 395.8 -66.15 18.11 1.617
128.47 -5.55 395.8 -152.19 62.90 1.808
70.64 36.37 170.5 -93.70 50.86 -7.674
-178.95 -20.81 650.6 -91.50 47.95 3.300
-178.95 -20.81 650.6 37.77 54.96 -3.629
-178.95 -20.81 650.6 17.58 -19.20 1.737
179.33 -22.49 611.1 -99.18 19.33 5.053
179.33 -22.49 611.1 13.32 54.55 0.224
179.33 -22.49 611.1 -106.46 34.95 3.736
179.33 -22.49 611.1 14.52 35.87 2.375
179.33 -22.49 611.1 -112.81 40.19 3.249
179.33 -22.49 611.1 -108.57 40.37 1.954
179.33 -22.49 611.1 -108.60 40.57 0.646
179.31 -22.40 625.6 -99.18 19.33 3.187
179.31 -22.40 625.6 -2.84 -71.67 3.564
136.70 45.47 356.6 -64.05 -64.77 5.313
136.70 45.47 356.6 -61.98 -38.06 2.649
-93.05 16.64 206.8 119.73 -21.16 1.223
179.83 -31.61 354.6 32.79 39.87 -3.551
179.83 -31.61 354.6 6.68 45.05 -1.423
179.83 -31.61 354.6 11.22 49.69 -0.277
179.83 -31.61 354.6 -2.94 35.29 -0.431
179.83 -31.61 354.6 -4.35 39.55 -1.726
146.26 44.73 172.0 -70.68 -33.15 5.195
146.26 44.73 172.0 -70.55 -40.73 6.483
146.26 44.73 172.0 -76.84 -11.99 5.573
146.26 44.73 172.0 -64.05 -64.77 4.918
146.26 44.73 172.0 17.58 -19.20 -7.379
146.26 44.73 172.0 -83.47 33.41 -3.388
146.26 44.73 172.0 -73.72 42.17 -3.589
144.94 13.98 161.0 7.16 48.22 -0.729
-178.18 -17.64 602.1 6.68 45.05 5.314
-178.18 -17.64 602.1 33.33 34.96 0.383
-178.18 -17.64 602.1 11.22 49.69 2.134
-178.18 -17.64 602.1 -4.35 39.55 4.127
-63.27 -26.16 566.0 109.49 30.27 -3.825
-63.27 -26.16 566.0 102.74 25.12 -0.791
-63.27 -26.16 566.0 102.74 25.12 -0.891
-63.27 -26.16 566.0 109.84 19.03 0.663
-63.27 -26.16 566.0 121.50 24.97 -5.444
-63.27 -26.16 566.0 107.05 47.87 -0.041
-63.27 -26.16 566.0 108.92 34.03 -1.269
-63.27 -26.16 566.0 108.92 34.03 -1.369
123.55 5.39 527.7 -61.14 14.73 -2.510
123.55 5.39 527.7 -116.67 33.49 6.312
123.55 5.39 527.7 -116.74 33.57 5.713
123.55 5.39 527.7 -116.85 33.63 6.818
123.55 5.39 527.7 -117.01 33.65 6.728
123.55 5.39 527.7 -115.15 34.16 6.619
123.55 5.39 527.7 -116.86 33.35 6.230
123.55 5.39 527.7 -118.55 32.98 7.671
147.36 47.44 402.2 -80.42 37.21 -5.179
141.95 24.83 532.5 35.20 31.77 -0.245
141.95 24.83 532.5 -5.75 -15.96 1.498
167.22 -14.20 195.1 78.55 17.42 -0.531
167.22 -14.20 195.1 -16.95 14.39 5.282
167.22 -14.20 195.1 5.53 22.79 -1.284
167.22 -14.20 195.1 16.41 50.36 -2.245
167.22 -14.20 195.1 -1.00 37.59 1.259
167.22 -14.20 195.1 7.88 54.18 -0.515
167.22 -14.20 195.1 37.25 -1.13 3.673
167.22 -14.20 195.1 -2.93 35.29 0.854
167.22 -14.20 195.1 16.41 50.36 -2.245
167.22 -14.20 195.1 7.30 46.36 0.388
169.21 -18.92 216.1 18.55 4.43 2.189
169.21 -18.92 216.1 7.16 48.22 -5.520
169.21 -18.92 216.1 -16.95 14.39 3.843
169.21 -18.92 216.1 -6.38 53.25 3.031
169.21 -18.92 216.1 -4.35 39.55 2.107
-174.65 -15.67 232.5 18.42 5.18 -0.661
-174.65 -15.67 232.5 34.95 29.67 1.578
-174.65 -15.67 232.5 30.51 37.84 1.189
-174.65 -15.67 232.5 9.38 39.50 4.178
131.60 42.83 518.0 38.69 8.90 -1.571
-68.13 -23.67 156.2 138.20 36.55 -0.540
-68.13 -23.67 156.2 147.32 -42.91 2.097
-68.13 -23.67 156.2 79.22 41.20 -6.116
70.71 36.57 199.1 -85.57 35.60 -4.837
70.71 36.57 199.1 -74.53 44.55 -3.891
120.81 13.60 202.6 -68.08 -16.17 7.426
71.05 36.47 229.9 -70.68 -33.15 -4.352
71.05 36.47 229.9 -70.55 -40.73 -2.401
71.05 36.47 229.9 -68.71 -54.14 1.027
-178.23 -25.79 249.4 24.89 34.98 -1.738
-178.23 -25.79 249.4 25.53 37.07 0.370
-178.23 -25.79 249.4 78.55 17.42 0.415
-178.23 -25.79 249.4 30.51 37.84 0.350
-178.23 -25.79 249.4 25.50 35.18 -3.735
-178.23 -25.79 249.4 9.38 39.50 -1.698
-179.35 -17.88 630.4 -62.35 82.50 4.230
-179.35 -17.88 630.4 -62.35 82.50 4.430
-179.35 -17.88 630.4 -104.20 48.47 2.937
-179.35 -17.88 630.4 -70.70 -29.01 7.755
-179.35 -17.88 630.4 -90.29 -0.67 5.701
-179.35 -17.88 630.4 -98.78 34.74 3.914
-179.35 -17.88 630.4 108.92 34.03 2.963
-179.35 -17.88 630.4 -114.74 62.49 3.129
70.88 36.54 187.2 -101.98 54.72 -2.711
70.88 36.54 187.2 -116.46 33.61 3.069
70.88 36.54 187.2 -109.33 -27.13 -1.484
70.88 36.54 187.2 -109.33 -27.13 -1.484
70.88 36.54 187.2 -106.46 34.95 -1.635
70.88 36.54 187.2 -106.46 34.95 -1.635
70.88 36.54 187.2 -81.43 28.11 -2.171
70.88 36.54 187.2 -109.56 42.77 -4.238
70.88 36.54 187.2 -111.57 41.61 -4.383
70.88 36.54 187.2 -117.12 48.26 -3.169
144.60 46.63 392.4 -81.43 28.11 -3.119
144.60 46.63 392.4 -95.84 29.96 -0.396
144.60 46.63 392.4 -89.41 34.51 -2.501
-179.91 -23.44 538.7 -14.36 -7.93 2.765
-179.91 -23.44 538.7 27.01 69.76 0.646
-179.91 -23.44 538.7 27.01 69.76 0.646
-179.91 -23.44 538.7 4.27 39.90 1.603
-179.91 -23.44 538.7 -6.86 33.99 2.515
-178.66 -17.23 554.8 19.89 47.92 -0.463
167.47 -14.43 185.9 -4.86 6.67 1.721
-84.67 11.00 195.8 98.98 18.79 -7.842
130.00 -6.64 188.5 -121.87 37.95 1.508
130.00 -6.64 188.5 13.78 52.48 -1.459
128.60 -7.33 162.9 25.26 -28.61 -1.212
70.76 36.59 216.0 -61.14 14.73 -3.353
70.76 36.59 216.0 -117.01 33.65 0.861
70.76 36.59 216.0 -116.86 33.35 0.233
70.76 36.59 216.0 -118.40 33.74 -0.388
70.76 36.59 216.0 -119.52 33.25 -0.724
70.76 36.59 216.0 -86.71 34.73 -6.131
125.15 2.85 153.1 -14.36 -7.93 -1.724
125.15 2.85 153.1 16.41 50.36 -2.600
125.15 2.85 153.1 17.54 49.78 -1.655
125.15 2.85 153.1 6.15 49.66 -1.779
-175.35 -19.90 207.6 8.33 48.33 2.222
-175.35 -19.90 207.6 6.68 45.05 4.908
-175.35 -19.90 207.6 19.99 44.10 -1.600
-175.35 -19.90 207.6 11.22 49.69 2.580
-175.35 -19.90 207.6 7.88 54.18 5.059
-175.35 -19.90 207.6 100.65 5.29 -0.099
-175.35 -19.90 207.6 -80.18 33.11 7.322
-175.35 -19.90 207.6 -4.35 39.55 -0.642
-175.35 -19.90 207.6 -35.90 -5.83 6.270
-175.35 -19.90 207.6 13.32 54.55 3.857
-175.35 -19.90 207.6 4.54 45.28 3.133
-175.35 -19.90 207.6 4.54 45.28 3.233
-175.35 -19.90 207.6 9.19 48.77 2.531
-175.35 -19.90 207.6 13.76 45.71 2.034
-175.35 -19.90 207.6 10.39 44.16 5.462
-175.35 -19.90 207.6 6.15 49.66 4.881
-175.35 -19.90 207.6 87.69 43.82 0.670
-175.35 -19.90 207.6 5.93 50.76 4.228
123.63 8.31 642.4 9.60 59.65 -1.130
122.14 20.92 158.4 -68.08 -16.17 6.146
133.61 43.22 446.5 -58.06 -51.68 1.369
-178.40 -17.69 565.2 5.53 22.79 2.409
-178.52 -20.94 632.5 103.84 36.09 0.623
-177.68 -25.20 233.5 8.33 48.33 3.343
-177.68 -25.20 233.5 3.07 47.30 2.172
-177.68 -25.20 233.5 11.22 49.69 1.653
-177.68 -25.20 233.5 24.09 34.84 -4.158
-177.68 -25.20 233.5 37.25 -1.13 -5.169
-177.68 -25.20 233.5 37.25 -1.13 1.931
-177.68 -25.20 233.5 4.27 39.90 5.400
-177.68 -25.20 233.5 37.77 54.96 1.200
-177.68 -25.20 233.5 -4.35 39.55 0.597
-177.68 -25.20 233.5 25.46 36.37 -1.004
-177.68 -25.20 233.5 4.54 45.28 3.095
-174.62 -17.73 241.8 78.55 17.42 -3.866
-174.62 -17.73 241.8 87.69 43.82 -1.824
-174.96 -15.40 287.8 37.25 -1.13 4.712
-174.96 -15.40 287.8 37.25 -1.13 4.712
-174.93 -17.42 278.3 7.16 48.22 5.434
-174.93 -17.42 278.3 16.41 50.36 5.094
-174.93 -17.42 278.3 37.25 -1.13 5.555
-174.93 -17.42 278.3 109.49 30.27 0.732
-174.93 -17.42 278.3 8.33 48.33 6.414
-174.93 -17.42 278.3 16.41 50.36 5.094
-92.67 15.89 164.0 78.55 17.42 -4.895
-92.67 15.89 164.0 42.69 43.96 -1.121
-92.67 15.89 164.0 159.95 -9.43 2.717
-92.67 15.89 164.0 117.23 -32.93 2.196
-92.67 15.89 164.0 -173.98 -18.66 5.427
-67.27 -19.09 238.5 98.98 18.79 -5.039
139.03 29.03 477.0 -70.55 -40.73 6.594
-65.59 -21.27 288.3 11.94 78.93 0.771
-65.59 -21.27 288.3 11.94 78.93 0.771
-65.59 -21.27 288.3 119.74 49.27 -4.571
-65.59 -21.27 288.3 102.74 25.12 -1.054
-65.59 -21.27 288.3 102.74 25.12 -1.054
-91.58 15.00 179.7 13.32 54.55 2.942
-91.58 15.00 179.7 72.45 -7.41 3.053
-91.58 15.00 179.7 72.45 -7.41 2.953
167.29 -14.66 166.1 78.55 17.42 -7.600
167.29 -14.66 166.1 55.75 -21.16 0.517
167.29 -14.66 166.1 -99.18 19.33 6.075
167.29 -14.66 166.1 18.42 5.18 4.492
167.29 -14.66 166.1 -3.20 55.32 4.070
167.29 -14.66 166.1 -4.35 39.55 3.170
167.29 -14.66 166.1 -116.67 32.68 8.553
130.23 -6.38 160.2 -61.14 14.73 0.830
130.23 -6.38 160.2 16.41 50.36 -1.378
130.23 -6.38 160.2 24.89 34.98 -4.603
130.23 -6.38 160.2 17.54 49.78 -1.984
130.23 -6.38 160.2 19.89 47.92 -3.767
130.23 -6.38 160.2 16.41 50.36 -1.378
-179.43 -21.83 602.3 25.53 37.07 -3.382
-179.43 -21.83 602.3 25.48 35.16 1.472
-179.43 -21.83 602.3 26.22 35.11 -1.271
-179.43 -21.83 602.3 109.49 30.27 1.025
-176.05 -20.25 215.6 9.60 59.65 4.402
179.86 -23.74 543.3 -114.41 43.56 0.116
-63.40 -24.95 571.6 140.00 -66.67 4.611
-63.40 -24.95 571.6 102.74 25.12 -1.186
-63.40 -24.95 571.6 102.74 25.12 -1.186
-63.40 -24.95 571.6 121.19 31.10 -3.810
-63.40 -24.95 571.6 121.19 31.10 -3.810
-63.40 -24.95 571.6 70.39 53.02 -1.566
-63.40 -24.95 571.6 69.00 52.95 -0.590
-178.96 -30.98 155.0 78.55 17.42 -1.349
-178.96 -30.98 155.0 27.01 69.76 1.474
-178.96 -30.98 155.0 -3.20 55.32 1.802
-178.96 -30.98 155.0 9.38 39.50 -4.664
179.67 -31.13 452.0 29.21 50.69 -0.196
-71.29 -8.97 610.5 17.54 49.78 -1.542
-71.29 -8.97 610.5 74.49 42.64 -8.439
-71.29 -8.97 610.5 8.33 48.33 -1.987
-71.29 -8.97 610.5 20.81 -32.38 -2.623
-71.29 -8.97 610.5 11.22 49.69 -1.598
-71.29 -8.97 610.5 13.76 45.71 -3.179
-71.29 -8.97 610.5 14.52 35.87 -0.529
-71.53 -7.28 603.5 146.25 -20.09 -5.464
-71.53 -7.28 603.5 98.98 18.79 -5.708
167.39 -13.67 193.3 -4.05 39.88 -0.694
137.88 31.75 405.4 -61.98 -38.06 3.044
140.13 40.36 166.8 -68.12 -16.27 -4.509
-178.87 -17.62 546.6 36.57 55.11 1.371
-178.87 -17.62 546.6 -105.61 39.80 6.324
-178.87 -17.62 546.6 -72.62 -51.57 6.459
-178.87 -17.62 546.6 -72.03 -52.55 6.354
-178.87 -17.62 546.6 -72.62 -51.57 6.459
-178.87 -17.62 546.6 -72.03 -52.55 6.354
-67.33 -22.02 177.0 138.20 36.55 -0.783
-67.33 -22.02 177.0 108.92 34.03 -8.497
135.20 38.09 365.1 -65.44 -19.63 1.267
135.20 38.09 365.1 -66.22 -19.10 1.314
137.72 32.31 370.6 -47.43 -23.59 2.416
137.72 32.31 370.6 -61.98 -38.06 3.896
70.75 36.51 215.7 -116.61 33.55 0.207
70.75 36.51 215.7 -120.54 35.95 -0.055
70.75 36.51 215.7 -116.92 34.26 0.859
70.75 36.51 215.7 -115.15 34.16 -0.689
70.75 36.51 215.7 -118.47 35.66 0.710
70.75 36.51 215.7 -117.49 36.06 -0.400
70.75 36.51 215.7 -120.55 35.41 -0.016
70.75 36.51 215.7 -116.28 35.90 -0.688
-74.39 -8.00 142.6 51.86 -46.43 -0.849
-74.39 -8.00 142.6 4.54 45.28 3.148
-74.39 -8.00 142.6 34.95 29.67 -2.578
-74.39 -8.00 142.6 25.95 45.49 1.683
-74.39 -8.00 142.6 147.15 -9.41 1.137
-74.39 -8.00 142.6 6.15 49.66 4.069
-74.39 -8.00 142.6 91.15 29.70 -2.298
-74.39 -8.00 142.6 73.27 33.65 0.460
-74.39 -8.00 142.6 36.57 55.11 -1.895
-74.39 -8.00 142.6 32.79 39.87 1.168
-74.39 -8.00 142.6 98.98 18.79 -4.063
-74.39 -8.00 142.6 147.15 -9.41 1.137
-74.39 -8.00 142.6 174.70 -41.31 4.788
-74.39 -8.00 142.6 107.05 47.87 -2.569
-74.39 -8.00 142.6 20.52 44.80 0.169
-74.39 -8.00 142.6 23.24 42.62 2.546
167.86 -16.07 176.9 8.33 48.33 -2.310
167.86 -16.07 176.9 16.41 50.36 -0.459
167.86 -16.07 176.9 7.16 48.22 -1.293
167.86 -16.07 176.9 4.27 39.90 1.195
167.86 -16.07 176.9 -7.54 40.40 2.808
167.86 -16.07 176.9 -4.35 39.55 2.138
71.06 36.63 175.0 166.30 -22.10 -2.027
71.06 36.63 175.0 -119.10 35.34 2.561
71.06 36.63 175.0 -118.47 35.66 3.373
71.06 36.63 175.0 -118.72 34.61 3.688
71.06 36.63 175.0 -120.55 35.41 2.659
71.06 36.63 175.0 -119.71 34.44 2.877
71.06 36.63 175.0 -117.28 35.89 2.530
71.06 36.63 175.0 -118.23 37.05 2.101
169.17 -19.55 158.6 18.54 4.43 2.069
142.84 21.92 280.3 32.79 39.87 -5.232
142.84 21.92 280.3 32.79 39.87 -5.232
142.84 21.92 280.3 -66.22 -19.10 6.105
130.45 43.53 570.4 -52.73 5.21 1.706
130.45 43.53 570.4 -6.18 36.64 -9.775
130.45 43.53 570.4 -14.36 -7.93 -4.188
130.45 43.53 570.4 -134.99 -80.00 -0.924
167.18 -13.14 219.4 -16.95 14.39 2.967
167.18 -13.14 219.4 5.53 22.79 -0.154
167.18 -13.14 219.4 -118.06 34.22 6.094
167.18 -13.14 219.4 -118.17 34.15 6.210
167.18 -13.14 219.4 -118.12 34.48 6.572
167.18 -13.14 219.4 16.41 50.36 -0.196
167.18 -13.14 219.4 25.53 37.07 1.914
167.18 -13.14 219.4 -6.38 53.25 3.816
167.18 -13.14 219.4 7.76 52.31 -1.023
167.18 -13.14 219.4 17.54 49.78 0.548
167.18 -13.14 219.4 23.93 35.41 2.932
167.18 -13.14 219.4 9.19 48.77 -0.881
167.18 -13.14 219.4 -14.36 -7.93 1.731
167.18 -13.14 219.4 16.41 50.36 -0.196
-178.00 -19.90 599.9 109.49 30.27 2.304
-178.00 -19.90 599.9 -35.90 -5.83 0.427
-178.00 -19.90 599.9 5.53 22.79 1.442
178.34 -26.42 631.4 -4.86 6.67 2.366
-178.11 -27.76 185.9 18.42 5.18 1.264
-178.11 -27.76 185.9 16.41 50.36 2.529
-178.11 -27.76 185.9 44.74 40.15 1.357
-178.11 -27.76 185.9 -116.81 35.30 4.574
-178.11 -27.76 185.9 13.32 54.55 1.259
-178.11 -27.76 185.9 -6.18 36.64 -1.573
-178.11 -27.76 185.9 -87.83 36.13 6.539
-178.11 -27.76 185.9 108.92 34.03 -0.759
-178.11 -28.00 188.3 78.55 17.42 1.485
-178.11 -28.00 188.3 129.59 44.62 -3.390
-178.11 -28.00 188.3 17.54 49.78 -0.055
-178.11 -28.00 188.3 -6.18 36.64 -1.870
170.65 -13.35 644.5 35.09 31.72 -2.872
170.65 -13.35 644.5 -106.46 34.95 3.675
170.65 -13.35 644.5 32.79 39.87 -2.380
-176.01 -21.37 166.4 42.85 11.53 1.003
-176.01 -21.37 166.4 78.55 17.42 -0.770
-176.01 -21.37 166.4 4.54 45.28 4.393
-176.01 -21.37 166.4 -99.18 19.33 6.081
-176.01 -21.37 166.4 33.33 34.96 -0.161
-176.01 -21.37 166.4 34.95 29.67 0.657
-176.01 -21.37 166.4 37.25 -1.13 3.729
-176.01 -21.37 166.4 25.46 36.37 1.732
-176.01 -21.37 166.4 87.69 43.82 -0.304
-176.01 -21.37 166.4 38.69 8.90 3.999
-176.01 -21.37 166.4 29.21 50.69 -1.370
-176.01 -21.37 166.4 37.25 -1.13 3.729
-176.01 -21.37 166.4 -70.63 8.88 5.728
-176.01 -21.37 166.4 23.24 42.62 2.530
-179.71 -23.70 503.3 4.54 45.28 2.801
-179.71 -23.70 503.3 -7.54 40.40 1.868
-179.71 -23.70 503.3 27.01 69.76 0.391
-179.71 -23.70 503.3 17.58 -19.20 2.867
125.62 4.68 185.5 -66.15 18.11 0.116
-178.73 -17.56 581.4 5.53 22.79 1.417
-178.73 -17.56 581.4 108.92 34.03 -1.398
-178.73 -17.56 581.4 36.57 55.11 -3.826
-176.15 -20.55 218.1 24.89 34.98 2.352
-176.15 -20.55 218.1 8.33 48.33 3.360
-176.15 -20.55 218.1 33.33 34.96 1.545
-176.15 -20.55 218.1 16.41 50.36 0.941
-176.15 -20.55 218.1 30.51 37.84 -0.417
-176.15 -20.55 218.1 22.71 49.63 -2.067
-176.15 -20.55 218.1 4.27 39.90 4.798
-176.15 -20.55 218.1 17.54 49.78 1.698
-176.15 -20.55 218.1 13.32 54.55 1.270
-176.15 -20.55 218.1 23.93 35.41 2.744
-176.15 -20.55 218.1 9.19 48.77 3.099
-176.15 -20.55 218.1 9.38 39.50 4.487
-176.15 -20.55 218.1 6.15 49.66 3.920
139.09 29.71 416.9 -105.61 39.80 4.392
139.09 29.71 416.9 -114.60 34.82 1.149
-178.74 -20.36 599.6 -4.35 39.55 1.553
-178.74 -20.36 599.6 5.53 22.79 1.483
151.43 -3.45 398.9 55.75 -21.16 3.298
-62.91 -28.38 611.6 79.22 41.20 -1.173
-62.91 -28.38 611.6 -1.00 37.59 1.360
-62.91 -28.38 611.6 -7.54 40.40 0.350
-62.91 -28.38 611.6 108.92 34.03 -5.572
-62.91 -28.38 611.6 108.92 34.03 -5.172
-62.91 -28.38 611.6 126.63 37.48 -6.236
-62.91 -28.38 611.6 107.05 47.87 0.840
-62.91 -28.38 611.6 166.65 19.28 -5.890
-62.91 -28.38 611.6 166.65 19.28 -5.590
-62.91 -28.38 611.6 158.32 6.84 2.031
-62.91 -28.38 611.6 -117.12 48.26 1.400
-62.90 -28.37 613.1 109.49 30.27 -0.853
-62.90 -28.37 613.1 30.74 -0.60 0.632
-62.90 -28.37 613.1 30.74 -0.60 0.632
-62.90 -28.37 613.1 30.74 -0.60 0.632
-62.90 -28.37 613.1 126.63 37.48 -5.357
120.60 15.33 180.3 -47.90 -15.66 1.317
120.60 15.33 180.3 -93.70 50.86 0.005
179.92 -17.65 606.4 70.21 -49.35 1.935
179.92 -17.65 606.4 103.84 36.09 3.542
179.92 -17.65 606.4 -4.35 39.55 -0.159
-176.95 -17.91 363.8 116.17 40.02 3.724
-176.95 -17.91 363.8 -21.33 64.75 6.228
-176.95 -17.91 363.8 81.98 46.81 0.636
-176.95 -17.91 363.8 37.56 6.07 3.901
-176.95 -17.91 363.8 37.73 10.31 2.351
-176.95 -17.91 363.8 38.74 9.78 2.949
-176.95 -17.91 363.8 37.77 8.97 4.230
-176.95 -17.91 363.8 39.28 7.03 2.128
-176.95 -17.91 363.8 40.65 10.17 1.005
-176.95 -17.91 363.8 40.17 8.99 1.674
-176.95 -17.91 363.8 37.56 6.07 3.901
-176.95 -17.91 363.8 37.73 10.31 2.351
-176.95 -17.91 363.8 38.74 9.78 2.949
-176.95 -17.91 363.8 37.77 8.97 4.230
-176.95 -17.91 363.8 39.28 7.03 2.128
-176.95 -17.91 363.8 40.65 10.17 1.005
-176.95 -17.91 363.8 40.17 8.99 1.674
-177.68 -18.84 407.9 119.74 49.27 4.979
-177.68 -18.84 407.9 -147.79 64.90 1.681
-63.28 -28.43 567.2 137.03 35.35 -2.630
-63.28 -28.43 567.2 109.49 30.27 -2.500
-63.28 -28.43 567.2 102.74 25.12 -1.318
-63.28 -28.43 567.2 129.59 44.62 -4.149
-63.28 -28.43 567.2 121.19 31.10 -8.064
-63.28 -28.43 567.2 98.98 18.79 0.957
-63.28 -28.43 567.2 121.50 24.97 -2.723
-156.86 58.58 219.7 146.25 -20.09 4.245
155.20 -4.45 507.1 4.54 45.28 0.176
155.20 -4.45 507.1 37.77 54.96 0.981
155.20 -4.45 507.1 -74.04 4.59 7.118
155.20 -4.45 507.1 27.01 69.76 -3.081
155.20 -4.45 507.1 17.58 -19.20 -3.214
-178.22 -17.74 530.5 7.16 48.22 3.755
-178.22 -17.74 530.5 4.54 45.28 4.186
-178.22 -17.74 530.5 -1.00 37.59 2.200
-178.22 -17.74 530.5 4.27 39.90 3.995
-178.22 -17.74 530.5 -2.94 35.29 2.092
-178.22 -17.74 530.5 45.50 23.52 1.617
-178.22 -17.74 530.5 -90.29 -0.67 5.472
-178.22 -17.74 530.5 -90.29 -0.67 5.472
-178.22 -17.74 530.5 23.24 42.62 -0.627
-178.49 -17.92 576.3 -4.35 39.55 1.922
168.25 -16.97 219.1 7.16 48.22 -2.292
168.25 -16.97 219.1 4.54 45.28 -2.922
168.25 -16.97 219.1 6.15 49.66 0.071
168.25 -16.97 219.1 -91.24 38.06 4.663
168.25 -16.97 219.1 -4.35 39.55 0.216
168.25 -16.97 219.1 13.40 42.35 1.318
-71.57 -8.19 602.4 -158.01 21.42 -4.193
-71.57 -8.19 602.4 102.74 25.12 -4.856
-71.57 -8.19 602.4 -171.78 -13.91 -1.581
-71.57 -8.19 602.4 70.32 39.00 -5.946
-71.57 -8.19 602.4 18.54 4.43 -1.584
-179.26 -19.38 683.5 -133.52 68.31 2.909
-179.26 -19.38 683.5 -134.88 60.66 4.737
-179.26 -19.38 683.5 -2.84 -71.67 3.830
-179.26 -19.38 683.5 119.74 49.27 0.718
-179.20 -19.29 689.7 -116.37 48.44 8.086
-71.65 -8.54 590.3 143.16 42.01 -6.621
-71.65 -8.54 590.3 98.98 18.79 -7.703
-71.65 -8.54 590.3 -158.01 21.42 -0.618
150.16 -4.44 493.9 -25.52 37.76 3.679
150.16 -4.44 493.9 -35.90 -5.83 3.012
150.16 -4.44 493.9 -35.90 -5.83 3.112
-179.82 -23.46 552.6 4.54 45.28 4.871
-63.03 -28.59 602.7 103.84 36.09 -0.836
-63.03 -28.59 602.7 87.69 43.82 -4.734
-63.03 -28.59 602.7 147.15 -9.41 -4.476
-63.03 -28.59 602.7 108.92 34.03 -5.635
-63.03 -28.59 602.7 147.15 -9.41 -4.476
-63.03 -28.59 602.7 -159.77 -21.21 3.749
-63.03 -28.59 602.7 -169.88 -18.98 2.095
-66.58 -23.71 209.7 78.55 17.42 -2.985
-66.58 -23.71 209.7 79.22 41.20 -2.093
-66.58 -23.71 209.7 87.69 43.82 -4.973
-66.58 -23.71 209.7 87.69 43.82 -5.073
-66.58 -23.71 209.7 147.32 -42.91 3.752
-66.58 -23.71 209.7 144.87 13.59 1.297
-66.58 -23.71 209.7 144.87 13.59 1.297
-66.58 -23.71 209.7 81.98 46.81 -3.194
-66.58 -23.71 209.7 81.98 46.81 -3.294
-66.58 -23.71 209.7 121.50 24.97 -6.377
-179.25 -19.36 684.4 -116.37 48.44 1.564
-179.25 -19.36 684.4 166.45 68.07 2.862
-179.25 -19.36 684.4 -147.85 64.87 1.532
-179.25 -19.36 684.4 -112.52 47.04 3.442
-179.25 -19.36 684.4 102.74 25.12 2.384
-179.25 -19.36 684.4 -70.70 -29.01 -0.945
-179.25 -19.36 684.4 -105.38 31.70 3.340
-179.25 -19.36 684.4 -94.66 31.76 1.076
-179.25 -19.36 684.4 -117.12 48.26 3.254
-179.25 -19.36 684.4 -35.90 -5.83 -2.378
-179.25 -19.36 684.4 128.87 71.65 1.256
-179.25 -19.36 684.4 -61.98 -38.06 -0.433
108.84 -5.21 581.3 -65.07 -19.16 -0.305
70.91 36.50 182.8 -101.98 54.72 -3.782
70.91 36.50 182.8 -116.46 33.61 2.782
70.91 36.50 182.8 -106.46 34.95 -2.679
70.91 36.50 182.8 -91.24 38.06 -5.662
70.91 36.50 182.8 -130.10 -25.07 1.088
70.91 36.50 182.8 -116.46 33.61 2.682
70.91 36.50 182.8 -75.99 42.20 -3.407
70.91 36.50 182.8 -109.56 42.77 -3.519
70.91 36.50 182.8 -99.74 38.81 -6.973
70.91 36.50 182.8 -112.81 40.19 -2.772
70.91 36.50 182.8 -115.24 40.74 -1.614
70.91 36.50 182.8 -105.61 39.80 -4.474
70.91 36.50 182.8 -71.93 44.24 -1.176
70.91 36.50 182.8 -89.41 34.51 -3.423
145.07 14.00 163.6 7.16 48.22 -2.210
145.07 14.00 163.6 8.33 48.33 -2.240
145.07 14.00 163.6 11.22 49.69 -0.809
145.07 14.00 163.6 13.40 42.35 -2.335
-179.05 -31.33 157.5 32.79 39.87 -6.063
-179.05 -31.33 157.5 25.53 37.07 -5.821
-179.05 -31.33 157.5 116.17 40.02 -1.043
-179.05 -31.33 157.5 15.89 38.26 -4.100
-179.05 -31.33 157.5 22.71 49.63 -2.030
-179.05 -31.33 157.5 91.15 29.70 0.954
-179.05 -31.33 157.5 91.15 29.70 0.954
-179.05 -31.33 157.5 38.43 38.31 -3.774
-179.05 -31.33 157.5 -7.54 40.40 -0.512
-179.05 -31.33 157.5 19.89 47.92 -3.411
-179.05 -31.33 157.5 25.46 36.37 -4.969
-179.05 -31.33 157.5 23.18 54.01 -5.531
-179.05 -31.33 157.5 107.05 47.87 -3.141
-179.05 -31.33 157.5 108.92 34.03 1.080
-179.05 -31.33 157.5 108.92 34.03 1.480
-179.05 -31.33 157.5 9.35 5.72 1.082
169.22 -19.29 160.4 97.01 33.01 -2.796
-179.45 -22.12 602.6 13.32 54.55 1.489
-179.45 -22.12 602.6 25.46 36.37 0.876
-179.45 -22.12 602.6 -70.55 -40.73 7.043
-179.45 -22.12 602.6 -106.46 34.95 4.797
-179.45 -22.12 602.6 98.98 18.79 -0.557
-179.45 -22.12 602.6 11.22 49.69 3.608
-179.45 -22.12 602.6 28.19 -15.28 2.276
-179.45 -22.12 602.6 13.76 45.71 -0.633
-179.45 -22.12 602.6 -108.77 40.96 2.804
-179.45 -22.12 602.6 -108.73 41.01 2.595
-179.45 -22.12 602.6 -108.79 40.87 3.011
-179.45 -22.12 602.6 -108.82 41.08 2.407
-179.45 -22.12 602.6 -108.86 41.14 2.212
-179.45 -22.12 602.6 -108.74 40.41 2.719
-179.45 -22.12 602.6 -108.65 40.93 2.884
122.45 19.93 184.4 -3.20 55.32 -5.549
122.45 19.93 184.4 -123.30 44.59 5.429
122.45 19.93 184.4 -118.83 37.63 4.442
175.43 -38.49 273.6 30.51 37.84 -0.805
175.43 -38.49 273.6 27.01 69.76 0.330
175.43 -38.49 273.6 9.38 39.50 -1.350
175.43 -38.49 273.6 14.52 35.84 0.011
-177.53 -19.63 388.9 24.89 34.98 2.596
-177.53 -19.63 388.9 25.53 37.07 2.084
-177.53 -19.63 388.9 13.40 42.35 2.512
-177.53 -19.63 388.9 42.85 11.53 0.213
-177.53 -19.63 388.9 8.33 48.33 3.885
-177.53 -19.63 388.9 34.95 29.67 0.194
-177.53 -19.63 388.9 24.96 35.38 -0.055
-177.53 -19.63 388.9 37.25 -1.13 1.896
-177.53 -19.63 388.9 37.25 -1.13 1.896
-177.53 -19.63 388.9 37.25 -1.13 1.796
-177.53 -19.63 388.9 5.53 22.79 2.614
-177.53 -19.63 388.9 6.15 49.66 4.379
-177.53 -19.63 388.9 37.39 11.57 1.993
-177.53 -19.63 388.9 38.38 8.12 2.771
-177.53 -19.63 388.9 36.33 8.44 3.359
-177.53 -19.63 388.9 37.77 8.97 3.003
-177.53 -19.63 388.9 37.17 7.14 2.143
-177.53 -19.63 388.9 40.65 10.17 1.487
-178.49 -17.89 571.5 16.41 50.36 1.195
-178.49 -17.89 571.5 -111.57 41.61 6.066
-178.49 -17.89 571.5 -105.61 39.80 6.222
-178.49 -17.89 571.5 4.27 39.90 4.532
-178.49 -17.89 571.5 -113.94 46.83 5.980
-178.49 -17.89 571.5 -117.12 48.26 5.252
-178.49 -17.89 571.5 -35.90 -5.83 1.640
-178.49 -17.89 571.5 5.53 22.79 2.659
178.87 -24.28 564.9 13.40 42.35 1.563
178.87 -24.28 564.9 14.52 35.84 2.098
178.87 -24.28 564.9 -111.37 35.52 4.749
123.81 8.25 628.0 -70.68 -33.15 0.253
123.81 8.25 628.0 11.94 78.93 -3.576
123.81 8.25 628.0 25.95 45.49 -0.012
123.81 8.25 628.0 17.54 49.78 -3.281
123.81 8.25 628.0 25.46 36.37 -3.051
123.81 8.25 628.0 26.72 58.38 1.571
123.81 8.25 628.0 11.94 78.93 -3.576
-66.73 -23.47 225.1 98.98 18.79 -2.229
-66.73 -23.47 225.1 144.87 13.59 -0.952
-66.73 -23.47 225.1 121.50 24.97 -11.326
-67.07 -24.45 177.4 121.50 24.97 -1.389
-67.07 -24.45 177.4 87.69 43.82 -3.864
-67.07 -24.45 177.4 121.37 24.67 -0.430
-180.09 -32.07 339.7 4.54 45.28 -0.331
-180.09 -32.07 339.7 34.95 29.67 -0.078
-180.09 -32.07 339.7 35.20 31.77 1.602
-180.09 -32.07 339.7 -6.18 36.64 -0.660
-180.09 -32.07 339.7 -57.33 -26.33 2.245
-180.09 -32.07 339.7 91.15 29.70 0.942
-180.09 -32.07 339.7 129.59 44.62 0.770
-180.09 -32.07 339.7 45.50 23.52 -2.124
-180.09 -32.07 339.7 44.74 40.15 -0.602
-180.09 -32.07 339.7 9.60 59.65 -1.100
-180.09 -32.07 339.7 -4.35 39.55 -1.785
-66.59 -27.84 168.3 116.17 40.02 -0.804
-66.59 -27.84 168.3 144.87 13.59 1.197
-66.59 -27.84 168.3 126.62 37.48 -1.226
-66.59 -27.84 168.3 129.59 44.62 0.029
-66.59 -27.84 168.3 79.22 41.20 0.452
-177.79 -20.24 404.8 16.41 50.36 1.497
-177.79 -20.24 404.8 4.27 39.90 1.356
-177.79 -20.24 404.8 -7.54 40.40 -2.023
-177.79 -20.24 404.8 25.46 36.37 -0.532
-177.79 -20.24 404.8 18.42 5.18 2.188
-177.79 -20.24 404.8 9.60 59.65 6.196
-177.79 -20.24 404.8 9.60 59.65 6.196
-177.79 -20.24 404.8 -4.35 39.55 -1.675
-177.79 -20.24 404.8 13.40 42.35 -0.056
-177.79 -20.24 404.8 14.52 35.87 -1.212
123.84 6.75 577.5 -52.64 5.11 -1.279
123.84 6.75 577.5 -47.43 -23.59 2.949
151.45 -4.91 156.1 27.01 69.76 -3.322
-178.64 -20.71 582.4 109.49 30.27 6.142
-178.36 -29.34 193.5 -120.39 38.03 1.967
-178.36 -29.34 193.5 -118.84 37.63 1.727
-178.36 -29.34 193.5 -118.06 34.22 1.009
-178.36 -29.34 193.5 -118.72 34.61 0.715
-178.36 -29.34 193.5 -118.17 34.15 0.621
-178.36 -29.34 193.5 -116.86 33.35 1.138
-178.36 -29.34 193.5 -118.12 34.48 1.889
-178.36 -29.34 193.5 33.33 34.96 0.804
-178.36 -29.34 193.5 -6.38 53.25 0.669
-178.36 -29.34 193.5 34.95 29.67 0.442
-178.36 -29.34 193.5 35.20 31.77 0.643
-178.36 -29.34 193.5 38.43 38.31 -2.333
-178.36 -29.34 193.5 35.39 33.12 -1.311
-178.36 -29.34 193.5 -7.54 40.40 -3.316
-178.36 -29.34 193.5 30.32 59.77 1.325
-178.36 -29.34 193.5 119.74 49.27 3.234
-178.36 -29.34 193.5 -3.20 55.32 2.630
-178.36 -29.34 193.5 45.50 23.52 -2.479
-178.36 -29.34 193.5 -23.61 14.97 1.575
-178.36 -29.34 193.5 38.69 8.90 7.521
-178.36 -29.34 193.5 38.69 8.90 7.621
-178.36 -29.34 193.5 11.22 49.69 1.395
-178.36 -29.34 193.5 -4.35 39.55 -1.354
-178.36 -29.34 193.5 -118.17 34.15 0.621
-178.36 -29.34 193.5 41.17 37.56 -0.269
-178.36 -29.34 193.5 40.70 37.29 0.601
-178.36 -29.34 193.5 38.38 8.12 3.929
-178.36 -29.34 193.5 36.33 8.44 5.955
-178.36 -29.34 193.5 39.60 11.83 1.525
-178.36 -29.34 193.5 38.74 9.78 4.893
-178.36 -29.34 193.5 37.77 8.97 6.651
-178.36 -29.34 193.5 36.83 7.68 7.389
-178.36 -29.34 193.5 36.52 9.09 5.926
-178.36 -29.34 193.5 37.17 7.14 6.682
-178.36 -29.34 193.5 40.65 10.17 5.549
-178.36 -29.34 193.5 37.78 8.29 7.825
139.90 27.60 494.9 -48.01 -15.64 -1.259
139.90 27.60 494.9 -35.90 -5.83 0.316
113.03 -6.11 592.7 -71.56 42.51 -0.577
-178.94 -29.27 318.1 38.69 8.90 8.905
-178.94 -29.27 318.1 -4.35 39.55 -2.257
-178.94 -29.27 318.1 23.18 54.01 -0.476
-178.94 -29.27 318.1 6.15 49.66 3.890
137.89 30.53 483.7 -47.43 -23.59 -1.424
137.87 30.47 487.1 -47.43 -23.59 0.582
-178.58 -17.40 569.9 -103.67 29.33 5.518
-178.58 -17.40 569.9 -4.35 39.55 2.019
-178.58 -17.40 569.9 108.92 34.03 -0.496
-67.22 -13.81 643.4 -158.01 21.42 0.455
-67.22 -13.81 643.4 121.19 31.10 -6.670
-67.22 -13.81 643.4 108.92 34.03 -0.463
-67.22 -13.81 643.4 -176.68 51.88 -3.131
-67.22 -13.81 643.4 -171.78 -13.91 9.483
-67.22 -13.81 643.4 -147.79 64.90 -5.876
-67.22 -13.81 643.4 -158.01 21.42 0.355
-67.22 -13.81 643.4 9.60 59.65 1.708
-67.22 -13.81 643.4 121.50 24.97 -5.214
-67.22 -13.81 643.4 179.45 -16.30 8.663
-67.22 -13.81 643.4 177.43 -17.69 8.481
-67.22 -13.81 643.4 -175.21 -21.18 8.504
-67.22 -13.81 643.4 178.45 -18.11 7.884
146.14 17.47 159.5 -48.01 -15.64 6.354
146.14 17.47 159.5 -5.75 -15.96 -0.012
146.14 17.47 159.5 -78.54 42.48 1.496
146.14 17.47 159.5 -78.19 45.74 1.432
160.47 55.49 181.0 96.83 -12.19 0.016
-66.65 -28.15 167.3 98.98 18.79 -0.661
167.14 -13.52 192.2 78.55 17.42 -1.824
167.14 -13.52 192.2 55.75 -21.16 0.925
167.14 -13.52 192.2 -25.52 37.76 1.972
167.14 -13.52 192.2 55.48 -4.67 4.108
167.14 -13.52 192.2 -4.35 39.55 1.290
167.14 -13.52 192.2 17.58 -19.20 2.047
167.14 -13.52 192.2 -110.78 32.31 8.995
-179.21 -20.61 662.4 -121.69 47.69 3.034
-179.21 -20.61 662.4 -112.81 40.19 4.246
-179.21 -20.61 662.4 109.49 30.27 2.082
-179.21 -20.61 662.4 44.74 40.15 -1.782
-179.21 -20.61 662.4 102.74 25.12 2.460
-179.21 -20.61 662.4 102.74 25.12 2.460
-179.21 -20.61 662.4 -35.90 -5.83 -0.390
-179.21 -20.61 662.4 107.05 47.87 2.213
-179.21 -20.61 662.4 108.92 34.03 1.147
-177.39 -23.89 162.2 42.85 11.53 1.560
-177.39 -23.89 162.2 37.25 -1.13 4.761
-177.39 -23.89 162.2 91.13 29.70 1.171
-177.39 -23.89 162.2 37.77 54.96 -0.185
-177.39 -23.89 162.2 25.95 45.49 1.692
-177.39 -23.89 162.2 45.50 23.52 -1.413
-177.39 -23.89 162.2 4.54 45.28 -0.540
-177.39 -23.89 162.2 23.24 42.62 0.441
154.90 -6.02 184.1 -52.64 5.11 3.475
154.90 -6.02 184.1 55.48 -4.67 2.819
154.90 -6.02 184.1 -23.61 14.97 0.803
154.90 -6.02 184.1 -23.61 14.97 0.803
154.90 -6.02 184.1 44.74 40.15 2.599
154.90 -6.02 184.1 -4.35 39.55 1.283
154.90 -6.02 184.1 74.95 42.66 0.675
-87.42 13.65 208.0 31.83 29.93 7.374
178.26 -25.46 612.2 42.85 11.53 1.766
178.26 -25.46 612.2 25.46 36.37 -4.291
178.26 -25.46 612.2 102.74 25.12 2.442
178.26 -25.46 612.2 102.74 25.12 2.342
178.26 -25.46 612.2 108.92 34.03 1.593
178.26 -25.46 612.2 98.98 18.79 -1.568
178.26 -25.46 612.2 -35.90 -5.83 -1.604
178.26 -25.46 612.2 -35.90 -5.83 -1.404
-178.49 -17.77 580.4 -4.86 6.67 1.298
-178.49 -17.77 580.4 4.27 39.90 0.772
102.52 -2.31 214.5 -78.45 0.24 2.929
102.52 -2.31 214.5 -78.45 0.24 3.029
160.31 55.36 176.5 5.53 22.79 -2.865
160.31 55.36 176.5 37.25 -1.13 -4.749
-178.01 -18.11 592.1 119.74 49.27 0.399
123.01 -7.37 591.7 -149.58 -17.57 4.127
123.01 -7.37 591.7 -59.97 -0.73 -0.771
123.01 -7.37 591.7 -79.01 49.80 1.210
123.01 -7.37 591.7 -78.94 48.32 0.386
123.01 -7.37 591.7 -78.91 47.12 0.307
123.01 -7.37 591.7 -79.00 49.63 1.196
-68.11 -22.96 139.0 126.62 37.48 -4.457
-68.11 -22.96 139.0 126.62 37.48 -4.457
-68.11 -22.96 139.0 137.03 35.35 0.842
-68.11 -22.96 139.0 37.25 -1.13 -1.001
-68.11 -22.96 139.0 37.25 -1.13 -1.001
-68.11 -22.96 139.0 37.25 -1.13 -1.201
-68.11 -22.96 139.0 138.21 36.54 0.298
-68.11 -22.96 139.0 25.95 45.49 -3.432
-68.11 -22.96 139.0 23.24 42.62 -4.114
-68.11 -22.96 139.0 87.69 43.82 -4.860
-68.11 -22.96 139.0 108.92 34.03 1.241
-68.11 -22.96 139.0 108.92 34.03 1.241
-68.11 -22.96 139.0 142.76 46.96 0.670
-71.89 -7.37 550.2 4.54 45.28 0.120
-71.89 -7.37 550.2 -145.77 61.13 -6.580
-71.89 -7.37 550.2 81.98 46.81 -5.337
-71.89 -7.37 550.2 82.29 46.79 -4.792
166.37 -10.88 150.3 -116.00 34.00 6.768
166.37 -10.88 150.3 -116.42 32.89 7.080
166.37 -10.88 150.3 -88.28 20.23 7.195
-63.27 -27.34 568.6 51.86 -46.43 0.258
-63.27 -27.34 568.6 103.84 36.09 2.896
-63.27 -27.34 568.6 -4.05 39.88 2.701
-63.27 -27.34 568.6 9.38 39.50 1.880
153.88 -3.91 386.3 -62.35 82.50 -2.559
139.84 27.73 481.4 -58.06 -51.68 2.226
139.84 27.73 481.4 -70.63 8.88 -2.523
-178.01 -17.77 618.6 5.53 22.79 5.178
130.53 43.69 573.6 -94.26 41.54 -5.281
-66.40 -19.70 271.8 78.55 17.42 -2.682
-66.40 -19.70 271.8 137.03 35.35 0.593
-66.40 -19.70 271.8 109.49 30.27 -0.983
-66.40 -19.70 271.8 102.74 25.12 -0.211
-66.40 -19.70 271.8 102.74 25.12 -0.311
-66.40 -19.70 271.8 29.21 50.69 -7.904
-66.40 -19.70 271.8 138.21 36.54 0.385
-66.40 -19.70 271.8 121.50 24.97 -0.584
71.23 36.42 238.7 149.00 -35.32 -11.189
71.23 36.42 238.7 -149.58 -17.57 2.893
71.23 36.42 238.7 -106.46 34.95 -6.239
71.23 36.42 238.7 -123.30 44.59 -2.335
71.23 36.42 238.7 -110.78 32.31 -3.171
71.23 36.42 238.7 -114.83 33.05 -1.805
71.23 36.42 238.7 -64.64 -19.15 -3.509
122.60 4.58 602.3 -68.91 -22.62 2.317
122.60 4.58 602.3 -68.91 -22.61 2.315
154.79 -6.01 207.0 -48.01 -15.64 2.371
154.79 -6.01 207.0 74.95 42.66 2.044
154.79 -6.01 207.0 4.27 39.90 -0.875
154.79 -6.01 207.0 37.77 54.96 1.703
154.79 -6.01 207.0 5.53 22.79 -3.107
154.79 -6.01 207.0 74.50 43.27 -0.765
143.17 21.66 305.6 42.85 11.53 -3.226
143.17 21.66 305.6 -70.68 -33.15 1.853
143.17 21.66 305.6 23.18 54.01 -1.705
143.17 21.66 305.6 -48.01 -15.64 1.562
143.17 21.66 305.6 -4.35 39.55 -4.848
143.17 21.66 305.6 41.78 38.17 -3.674
-176.41 -21.64 180.0 7.16 48.22 3.660
-176.41 -21.64 180.0 3.07 47.30 4.252
-176.41 -21.64 180.0 -70.68 -33.15 4.306
-176.41 -21.64 180.0 5.53 22.79 -0.666
-176.41 -21.64 180.0 16.41 50.36 2.271
-176.41 -21.64 180.0 25.53 37.07 3.211
-176.41 -21.64 180.0 33.33 34.96 -0.252
-176.41 -21.64 180.0 34.95 29.67 -0.119
-176.41 -21.64 180.0 24.09 34.84 0.843
-176.41 -21.64 180.0 35.20 31.77 -0.934
-176.41 -21.64 180.0 4.27 39.90 4.272
-176.41 -21.64 180.0 17.54 49.78 1.497
-176.41 -21.64 180.0 25.46 36.37 0.834
-176.41 -21.64 180.0 9.19 48.77 3.091
-176.41 -21.64 180.0 8.33 48.33 3.143
-176.41 -21.64 180.0 -25.52 37.76 2.826
-176.41 -21.64 180.0 -23.61 14.97 3.032
-176.41 -21.64 180.0 11.22 49.69 3.202
-176.41 -21.64 180.0 29.21 50.69 1.224
-176.41 -21.64 180.0 -90.29 -0.67 5.108
-176.41 -21.64 180.0 -90.29 -0.67 5.208
-176.41 -21.64 180.0 23.24 42.62 2.278
-176.41 -21.64 180.0 -103.67 29.33 4.459
-176.41 -21.64 180.0 38.38 8.12 1.350
-176.41 -21.64 180.0 39.60 11.83 5.368
-176.41 -21.64 180.0 38.74 9.78 5.444
-176.41 -21.64 180.0 39.93 10.42 4.908
-176.41 -21.64 180.0 39.29 8.57 5.347
-176.41 -21.64 180.0 40.65 10.17 5.668
-176.41 -21.64 180.0 37.78 8.29 4.739
-176.41 -21.64 180.0 16.41 50.36 2.271
-177.14 -15.80 422.5 5.53 22.79 0.645
143.07 22.11 250.8 4.54 45.28 -4.708
143.07 22.11 250.8 16.41 50.36 -1.360
143.07 22.11 250.8 13.32 54.55 0.502
143.07 22.11 250.8 -3.20 55.32 -2.652
143.07 22.11 250.8 -71.56 42.51 1.191
143.07 22.11 250.8 29.21 50.69 -1.727
143.07 22.11 250.8 -4.35 39.55 -3.152
143.07 22.11 250.8 -78.24 46.03 0.295
143.07 22.11 250.8 -78.99 48.46 1.488
143.07 22.11 250.8 -78.00 45.53 -0.070
143.07 22.11 250.8 -78.29 46.29 0.038
143.07 22.11 250.8 -79.22 47.59 0.142
143.07 22.11 250.8 -79.18 47.45 0.713
143.07 22.11 250.8 -79.12 47.26 1.474
143.07 22.11 250.8 -78.58 46.62 0.780
143.07 22.11 250.8 -78.40 46.47 0.264
137.20 34.01 345.6 -70.55 -40.73 1.613
137.20 34.01 345.6 -63.72 -19.81 1.159
111.27 -5.92 530.4 -106.46 34.95 2.757
-177.53 -19.64 414.0 7.16 48.22 0.744
-177.53 -19.64 414.0 -4.35 39.55 -3.979
178.21 -25.05 594.6 5.53 22.79 2.567
178.21 -25.05 594.6 -4.05 39.88 3.639
178.21 -25.05 594.6 98.98 18.79 0.582
-178.30 -22.20 388.7 7.16 48.22 1.426
-178.30 -22.20 388.7 4.54 45.28 3.954
-178.30 -22.20 388.7 4.54 45.28 3.954
-178.30 -22.20 388.7 5.53 22.79 2.186
-178.30 -22.20 388.7 103.84 36.09 3.119
-178.30 -22.20 388.7 9.60 59.65 6.140
-178.30 -22.20 388.7 2.73 36.30 5.860
-74.40 -7.93 145.6 110.54 -66.28 -1.031
-74.40 -7.93 145.6 146.25 -20.09 3.110
-74.40 -7.93 145.6 116.21 6.04 0.525
-74.40 -7.93 145.6 110.31 1.47 3.762
-74.40 -7.93 145.6 112.21 2.45 4.347
-74.40 -7.93 145.6 146.25 -20.09 3.010
-74.40 -7.93 145.6 131.13 -12.84 1.037
122.13 3.09 620.8 20.52 44.80 -1.817
-70.01 -15.26 225.5 103.84 36.09 -2.872
-70.01 -15.26 225.5 98.98 18.79 -4.944
70.59 36.50 210.0 -106.46 34.95 -7.344
127.86 -7.57 179.1 17.54 49.78 -1.552
127.86 -7.57 179.1 25.26 -28.61 3.390
127.86 -7.57 179.1 -68.08 -16.17 3.390
127.86 -7.57 179.1 -74.04 4.59 4.299
71.22 36.59 219.4 -158.01 21.42 -0.268
129.02 -7.05 223.4 -35.90 -5.83 0.440
-178.61 -17.72 573.1 16.41 50.36 1.655
-178.61 -17.72 573.1 17.54 49.78 0.910
-178.61 -17.72 573.1 13.32 54.55 6.034
-178.61 -17.72 573.1 16.41 50.36 1.655
-178.16 -19.84 384.0 42.85 11.53 1.030
-178.16 -19.84 384.0 78.55 17.42 0.073
146.01 18.81 186.5 51.86 -46.43 2.266
146.01 18.81 186.5 -52.73 5.21 1.113
146.01 18.81 186.5 -14.36 -7.93 -3.441
146.01 18.81 186.5 -116.46 33.61 7.880
146.01 18.81 186.5 -5.75 -15.96 1.031
146.01 18.81 186.5 -116.46 33.61 7.880
135.10 36.79 368.8 -111.46 32.00 7.172
135.10 36.79 368.8 -70.70 -29.01 6.322
135.10 36.79 368.8 -47.43 -23.59 3.827
135.10 36.79 368.8 -61.98 -38.06 2.648
135.10 36.79 368.8 -61.98 -38.06 2.748
135.10 36.79 368.8 -111.53 35.10 5.809
135.10 36.79 368.8 -112.24 34.49 6.775
135.10 36.79 368.8 -113.00 33.94 4.732
135.10 36.79 368.8 -112.33 33.95 6.235
135.10 36.79 368.8 -111.48 33.88 5.641
135.10 36.79 368.8 -110.47 33.30 6.702
-178.38 -19.94 595.4 -35.90 -5.83 -0.604
-178.38 -19.94 595.4 13.32 54.55 2.396
179.45 -22.36 578.4 9.38 39.50 2.807
-174.43 -16.95 226.6 15.23 37.97 0.418
-174.43 -16.95 226.6 25.53 37.07 -0.248
-174.43 -16.95 226.6 8.33 48.33 2.748
-174.43 -16.95 226.6 16.41 50.36 3.962
-174.43 -16.95 226.6 17.54 49.78 3.616
-174.43 -16.95 226.6 5.53 22.79 3.027
-174.80 -19.58 156.3 9.60 59.65 -0.393
-174.80 -19.58 156.3 103.84 36.09 4.458
-174.80 -19.58 156.3 27.01 69.76 0.260
-174.80 -19.58 156.3 -4.05 39.88 -1.026
-174.80 -19.58 156.3 98.98 18.79 0.392
-66.13 -22.94 255.3 79.22 41.20 0.903
-66.13 -22.94 255.3 109.84 19.03 1.746
-66.13 -22.94 255.3 26.72 58.38 -0.726
148.97 -5.63 185.7 -16.95 14.39 -0.401
148.97 -5.63 185.7 5.53 22.79 -0.611
148.97 -5.63 185.7 -116.86 33.35 6.875
148.97 -5.63 185.7 4.27 39.90 -4.269
148.97 -5.63 185.7 -7.54 40.40 -2.227
148.97 -5.63 185.7 -38.67 -5.49 2.040
-71.39 -8.12 627.1 15.82 39.99 -1.241
-71.39 -8.12 627.1 125.58 7.07 -2.292
-71.39 -8.12 627.1 110.31 1.47 1.728
-71.39 -8.12 627.1 4.54 45.28 0.114
-71.39 -8.12 627.1 4.54 45.28 0.214
-71.39 -8.12 627.1 105.65 -10.48 -3.222
-65.70 -22.53 275.5 79.48 43.33 -1.134
150.05 -4.47 555.8 27.01 69.76 -1.689
167.02 -12.74 208.9 5.53 22.79 -1.676
104.21 -2.75 593.3 7.88 54.18 -3.511
104.21 -2.75 593.3 -174.20 52.20 0.852
104.21 -2.75 593.3 -171.70 63.78 -0.302
104.21 -2.75 593.3 -170.25 57.18 1.227
-176.29 -21.01 209.4 42.85 11.53 1.862
-176.29 -21.01 209.4 7.16 48.22 2.538
-176.29 -21.01 209.4 16.41 50.36 1.097
-176.29 -21.01 209.4 25.53 37.07 0.866
-176.29 -21.01 209.4 -6.38 53.25 5.700
-176.29 -21.01 209.4 7.88 54.18 3.620
-176.29 -21.01 209.4 7.76 52.31 3.033
-176.29 -21.01 209.4 30.51 37.84 0.726
-176.29 -21.01 209.4 35.66 33.19 -0.558
-176.29 -21.01 209.4 22.71 49.63 -1.982
-176.29 -21.01 209.4 17.54 49.78 1.098
-176.29 -21.01 209.4 13.32 54.55 1.868
-176.29 -21.01 209.4 13.78 52.48 1.953
-176.29 -21.01 209.4 23.93 35.41 2.501
-176.29 -21.01 209.4 23.18 54.01 1.006
-176.29 -21.01 209.4 -25.52 37.76 0.886
-176.29 -21.01 209.4 42.69 43.96 -0.218
-176.29 -21.01 209.4 16.41 50.36 1.097
-176.29 -21.01 209.4 5.93 50.76 3.410
139.19 46.94 469.7 20.81 -32.38 -2.930
139.19 46.94 469.7 147.32 -42.91 1.260
-65.05 -20.09 340.8 78.55 17.42 -3.071
166.98 -13.19 182.7 -4.05 39.88 -0.640
139.23 29.37 440.0 -47.43 -23.59 0.616
139.23 29.37 440.0 -48.01 -15.64 0.138
158.39 52.58 157.8 -64.05 -64.77 3.899
137.65 29.48 517.4 -71.56 42.51 -0.621
-178.28 -20.66 549.5 70.21 -49.35 4.876
-178.28 -20.66 549.5 4.54 45.28 3.446
-178.28 -20.66 549.5 -4.86 6.67 2.401
-178.28 -20.66 549.5 119.74 49.27 2.589
-178.28 -20.66 549.5 -21.33 64.75 4.230
-178.28 -20.66 549.5 -21.17 64.49 3.923
-178.28 -20.66 549.5 -22.23 64.75 4.336
-178.28 -20.66 549.5 -22.42 65.18 3.256
-178.28 -20.66 549.5 -21.10 65.11 3.428
-178.28 -20.66 549.5 -21.68 65.71 3.130
-178.28 -20.66 549.5 -19.60 65.67 2.460
-178.28 -20.66 549.5 -18.10 65.69 2.735
-178.28 -20.66 549.5 -18.26 65.30 2.969
-178.28 -20.66 549.5 -15.17 66.12 2.986
-178.28 -20.66 549.5 -14.50 65.26 3.714
-178.28 -20.66 549.5 -14.09 64.81 4.100
-178.28 -20.66 549.5 -15.14 64.29 3.975
-178.28 -20.66 549.5 -18.13 63.77 3.169
-178.28 -20.66 549.5 -17.27 64.41 4.453
-178.28 -20.66 549.5 -15.35 64.89 3.593
-178.28 -20.66 549.5 -18.33 65.03 3.390
-178.28 -20.66 549.5 -19.67 65.23 3.091
-178.28 -20.66 549.5 -21.17 64.49 3.923
-178.28 -20.66 549.5 -22.23 64.75 4.336
-178.28 -20.66 549.5 -22.42 65.18 3.256
-178.28 -20.66 549.5 -21.10 65.11 3.428
-178.28 -20.66 549.5 -21.68 65.71 3.130
-178.28 -20.66 549.5 -19.60 65.67 2.460
-178.28 -20.66 549.5 -18.10 65.69 2.735
-178.28 -20.66 549.5 -18.26 65.30 2.969
-178.28 -20.66 549.5 -15.17 66.12 2.986
-178.28 -20.66 549.5 -14.50 65.26 3.714
-178.28 -20.66 549.5 -14.09 64.81 4.100
-178.28 -20.66 549.5 -15.14 64.29 3.975
-178.28 -20.66 549.5 -18.13 63.77 3.169
-178.28 -20.66 549.5 -17.27 64.41 4.453
-178.28 -20.66 549.5 -15.35 64.89 3.593
-178.28 -20.66 549.5 -18.33 65.03 3.390
-178.28 -20.66 549.5 -19.67 65.23 3.091
139.79 28.88 414.4 24.96 35.38 -5.647
139.79 28.88 414.4 -4.86 6.67 -4.956
139.79 28.88 414.4 161.85 -77.52 -0.257
139.79 28.88 414.4 166.76 -77.85 0.621
-175.54 -19.52 208.3 32.79 39.87 0.942
-175.54 -19.52 208.3 25.53 37.07 1.620
-175.54 -19.52 208.3 14.31 41.72 4.692
-175.54 -19.52 208.3 15.82 39.99 0.787
-175.54 -19.52 208.3 7.16 48.22 4.540
-175.54 -19.52 208.3 38.69 8.90 2.660
-175.54 -19.52 208.3 7.76 52.31 5.790
-175.54 -19.52 208.3 17.54 49.78 4.673
-175.54 -19.52 208.3 19.89 47.92 2.183
123.50 -7.01 651.3 37.77 54.96 -2.314
123.50 -7.01 651.3 23.18 54.01 -3.231
123.50 -7.01 651.3 36.57 55.11 -2.406
123.50 -7.01 651.3 -66.15 18.11 -2.155
123.50 -7.01 651.3 -149.27 63.23 0.344
123.50 -7.01 651.3 -149.27 63.23 0.344
-176.20 -21.75 173.9 24.89 34.98 4.058
-176.20 -21.75 173.9 25.53 37.07 1.987
-176.20 -21.75 173.9 34.95 29.67 -0.735
-176.20 -21.75 173.9 30.51 37.84 2.045
-176.20 -21.75 173.9 29.21 50.69 -0.115
-176.20 -21.75 173.9 23.18 54.01 -0.067
167.77 -15.54 154.3 32.79 39.87 0.411
167.77 -15.54 154.3 25.53 37.07 0.636
167.77 -15.54 154.3 13.40 42.35 1.053
167.77 -15.54 154.3 -122.97 47.72 5.646
167.77 -15.54 154.3 -1.00 37.59 0.585
167.77 -15.54 154.3 33.33 34.96 -3.333
167.77 -15.54 154.3 15.82 39.99 0.427
167.77 -15.54 154.3 11.22 49.69 -0.144
167.77 -15.54 154.3 7.88 54.18 -0.116
167.77 -15.54 154.3 24.89 35.29 1.730
167.77 -15.54 154.3 30.51 37.84 0.080
167.77 -15.54 154.3 29.21 50.69 -2.065
167.77 -15.54 154.3 9.60 59.65 -0.197
167.77 -15.54 154.3 9.60 59.65 -0.097
167.77 -15.54 154.3 22.71 49.63 -1.231
167.77 -15.54 154.3 17.54 49.78 -1.486
167.77 -15.54 154.3 -7.54 40.40 2.320
167.77 -15.54 154.3 -4.35 39.55 1.198
167.77 -15.54 154.3 -35.90 -5.83 1.769
167.77 -15.54 154.3 -35.90 -5.83 1.869
167.77 -15.54 154.3 13.32 54.55 -1.453
167.77 -15.54 154.3 13.78 52.48 -2.672
167.77 -15.54 154.3 -6.21 36.47 1.651
167.77 -15.54 154.3 9.19 48.77 -0.752
167.77 -15.54 154.3 23.18 54.01 -1.010
167.77 -15.54 154.3 28.41 44.46 0.153
167.77 -15.54 154.3 9.35 46.47 -0.857
167.77 -15.54 154.3 10.39 44.16 -0.191
167.77 -15.54 154.3 9.38 39.50 -2.490
167.77 -15.54 154.3 26.73 58.46 -0.822
167.77 -15.54 154.3 14.52 35.84 1.346
167.77 -15.54 154.3 6.15 49.66 -0.160
167.77 -15.54 154.3 -114.48 62.48 4.211
167.77 -15.54 154.3 -114.60 62.43 3.810
167.77 -15.54 154.3 26.22 35.11 2.839
167.77 -15.54 154.3 9.35 5.72 0.370
125.81 26.42 157.6 7.16 48.22 -3.758
125.81 26.42 157.6 -48.01 -15.64 -1.273
125.81 26.42 157.6 25.60 -25.02 2.866
125.81 26.42 157.6 -4.35 39.55 -8.428
179.90 -23.88 543.3 34.65 67.90 1.595
179.90 -23.88 543.3 -91.24 38.06 2.301
179.90 -23.88 543.3 13.40 42.35 1.792
179.90 -23.88 543.3 9.38 39.50 1.029
107.58 -6.02 290.7 -71.56 42.51 1.476
107.58 -6.02 290.7 -99.80 30.48 3.134
107.58 -6.02 290.7 -90.77 30.54 1.957
107.58 -6.02 290.7 -89.41 34.51 -0.944
107.58 -6.02 290.7 -90.43 36.78 -1.159
107.58 -6.02 290.7 -155.53 19.76 1.034
107.58 -6.02 290.7 -155.53 19.76 1.034
107.58 -6.02 290.7 -71.29 18.98 -0.558
107.58 -6.02 290.7 -90.24 38.64 -1.290
107.58 -6.02 290.7 -2.84 -71.67 -2.204
107.58 -6.02 290.7 -47.43 -23.59 6.273
107.58 -6.02 290.7 -88.28 20.23 0.074
107.58 -6.02 290.7 -88.28 20.23 -0.326
107.58 -6.02 290.7 -86.29 38.23 -1.377
107.58 -6.02 290.7 -135.33 59.46 2.205
-179.78 -30.86 396.6 78.55 17.42 -1.453
-179.78 -30.86 396.6 4.54 45.28 3.838
-179.78 -30.86 396.6 4.54 45.28 3.938
-179.78 -30.86 396.6 -3.20 55.32 1.003
-179.78 -30.86 396.6 42.69 43.96 2.925
-179.78 -30.86 396.6 9.60 59.65 0.755
-179.78 -30.86 396.6 31.83 29.93 -3.711
-176.06 -16.16 379.5 25.53 37.07 -1.602
-176.06 -16.16 379.5 45.50 23.52 -0.103
-176.06 -16.16 379.5 81.98 46.81 -3.645
70.70 36.56 203.2 -84.13 35.07 -3.622
70.68 36.60 204.5 -116.46 33.61 1.897
70.68 36.60 204.5 -159.77 -21.21 -4.341
70.68 36.60 204.5 -105.37 39.70 -6.038
70.76 36.57 196.8 -116.56 33.35 1.195
70.76 36.57 196.8 -119.81 34.89 2.469
70.76 36.57 196.8 -115.91 31.69 1.237
70.76 36.57 196.8 -130.10 -25.07 4.165
-179.38 -22.22 604.8 28.19 -15.28 2.697
-179.38 -22.22 604.8 28.19 -15.28 2.397
-176.43 -21.67 189.5 32.79 39.87 -1.042
-176.43 -21.67 189.5 13.40 42.35 2.122
-176.43 -21.67 189.5 31.83 29.93 -1.746
-176.43 -21.67 189.5 17.54 49.78 1.766
166.79 -11.79 203.2 87.69 43.82 -2.421
169.29 -19.74 161.4 -16.95 14.39 4.829
169.29 -19.74 161.4 -123.30 44.59 11.537
-177.62 -19.74 584.1 -121.88 50.61 4.643
-177.62 -19.74 584.1 4.54 45.28 1.251
-169.27 54.23 276.7 -76.84 -11.99 6.603
-180.14 -31.41 367.7 78.55 17.42 1.152
-180.14 -31.41 367.7 -6.38 53.25 0.984
-180.14 -31.41 367.7 25.50 35.18 0.131
-180.14 -31.41 367.7 -2.94 35.29 -1.550
-180.14 -31.41 367.7 17.54 49.78 0.689
-180.14 -31.41 367.7 30.32 59.77 -1.032
-180.14 -31.41 367.7 25.46 36.37 -4.436
-180.14 -31.41 367.7 18.42 5.18 2.847
-180.14 -31.41 367.7 45.50 23.52 -1.173
-180.14 -31.41 367.7 45.50 23.52 -1.173
-180.14 -31.41 367.7 103.64 51.68 0.644
-180.14 -31.41 367.7 -4.35 39.55 -1.014
-180.14 -31.41 367.7 14.52 35.87 -3.437
-180.14 -31.41 367.7 -150.23 62.69 -0.458
-180.14 -31.41 367.7 43.33 41.06 1.995
-180.14 -31.41 367.7 -150.23 62.69 -0.458
-180.14 -31.41 367.7 43.33 41.06 1.995
-175.73 -20.98 158.9 25.53 37.07 1.935
-175.73 -20.98 158.9 6.68 45.05 7.065
-175.73 -20.98 158.9 15.82 39.99 2.587
-175.73 -20.98 158.9 19.99 44.10 -0.282
-175.73 -20.98 158.9 38.69 8.90 2.274
-175.73 -20.98 158.9 24.09 34.84 1.871
-175.73 -20.98 158.9 30.51 37.84 1.827
-175.73 -20.98 158.9 22.71 49.63 -0.771
-175.73 -20.98 158.9 91.15 29.70 1.998
-175.73 -20.98 158.9 91.15 29.70 1.998
-175.73 -20.98 158.9 -7.54 40.40 0.571
-175.73 -20.98 158.9 -35.90 -5.83 6.237
-175.73 -20.98 158.9 -63.18 -8.95 6.153
-175.73 -20.98 158.9 -63.18 -8.95 6.253
-175.73 -20.98 158.9 -70.63 8.88 8.298
-175.73 -20.98 158.9 23.18 54.01 3.287
-175.73 -20.98 158.9 13.76 45.71 -0.626
-175.73 -20.98 158.9 9.35 46.47 6.458
-175.73 -20.98 158.9 107.05 47.87 1.511
-175.73 -20.98 158.9 10.39 44.16 4.587
-175.73 -20.98 158.9 87.69 43.82 -0.187
-175.73 -20.98 158.9 26.22 35.11 3.483
168.21 -16.11 184.7 -123.30 44.59 8.457
168.21 -16.11 184.7 -4.05 39.88 0.118
168.21 -16.11 184.7 9.38 39.50 -0.645
-178.16 -27.90 207.8 9.38 39.50 -1.853
177.28 -37.05 149.6 13.40 42.35 -2.665
177.28 -37.05 149.6 9.60 59.65 -3.591
177.28 -37.05 149.6 9.60 59.65 -3.491
-179.44 -21.52 625.7 4.54 45.28 5.544
-179.44 -21.52 625.7 90.77 27.55 2.995
-179.44 -21.52 625.7 -103.30 47.58 3.135
-179.44 -21.52 625.7 86.41 28.66 1.360
-179.44 -21.52 625.7 86.73 29.42 1.812
-179.44 -21.52 625.7 89.73 27.75 2.398
-63.42 -26.72 561.5 103.84 36.09 3.049
-63.42 -26.72 561.5 108.92 34.03 -1.444
139.63 29.01 431.3 -2.84 -71.67 -3.990
139.63 29.01 431.3 -4.86 6.67 -5.736
154.69 -4.05 488.6 4.54 45.28 -0.797
-178.24 -21.08 450.3 -4.35 39.55 -1.513
166.26 -11.65 148.2 7.16 48.22 -1.134
166.26 -11.65 148.2 55.75 -21.16 0.471
166.26 -11.65 148.2 5.53 22.79 -1.442
166.26 -11.65 148.2 74.49 42.64 2.514
166.26 -11.65 148.2 58.56 56.43 -1.907
166.26 -11.65 148.2 -110.78 32.31 8.249
123.36 -7.02 613.6 -90.25 42.91 -4.336
123.36 -7.02 613.6 37.77 54.96 -3.725
145.31 18.89 602.1 42.69 43.96 -1.855
145.31 18.89 602.1 -74.04 4.59 4.966
145.31 18.89 602.1 -117.01 33.65 6.612
145.31 18.89 602.1 -114.83 33.05 6.021
145.31 18.89 602.1 -116.81 35.30 5.991
145.31 18.89 602.1 -117.10 34.10 6.986
145.31 18.89 602.1 -112.81 40.19 6.542
145.31 18.89 602.1 -105.37 39.70 5.036
145.19 18.91 598.1 -117.01 33.65 7.550
145.19 18.91 598.1 -114.83 33.05 6.657
145.19 18.91 598.1 -112.81 40.19 6.761
-66.99 -24.54 177.7 98.98 18.79 0.080
-66.99 -24.54 177.7 98.98 18.79 0.080
-66.99 -24.54 177.7 119.74 49.27 -8.219
-66.99 -24.54 177.7 121.50 24.97 -1.288
-66.99 -24.54 177.7 121.50 24.97 -1.188
-66.99 -24.54 177.7 76.24 42.25 -2.555
-66.99 -24.54 177.7 87.69 43.82 -4.055
-66.99 -24.54 177.7 87.69 43.82 -4.055
-66.99 -24.54 177.7 121.37 24.67 -0.546
-174.99 -18.53 230.8 27.01 69.76 2.492
-174.99 -18.53 230.8 17.54 49.78 2.407
-174.99 -18.53 230.8 5.53 22.79 5.131
-178.99 -20.79 638.4 98.98 18.79 -2.613
-77.62 -1.34 186.3 78.55 17.42 -1.296
-77.62 -1.34 186.3 102.74 25.12 -4.356
-77.62 -1.34 186.3 102.74 25.12 -4.356
-77.62 -1.34 186.3 91.15 29.70 -4.008
-77.62 -1.34 186.3 134.36 -19.93 7.743
-77.62 -1.34 186.3 0.00 -90.00 2.787
-77.62 -1.34 186.3 121.50 24.97 -1.495
-77.62 -1.34 186.3 103.77 1.36 3.962
-178.67 -17.70 570.1 5.53 22.79 2.355
-178.67 -17.70 570.1 2.73 36.30 5.133
124.27 -6.96 603.8 42.69 43.96 -8.340
124.27 -6.96 603.8 -68.33 -19.61 2.508
132.45 43.38 487.0 -58.06 -51.68 1.255
132.45 43.38 487.0 -98.78 34.74 0.664
-66.27 -23.22 247.2 103.84 36.09 -1.261
166.61 -11.60 185.1 18.42 5.18 4.298
166.61 -11.60 185.1 7.16 48.22 2.697
166.61 -11.60 185.1 78.55 17.42 -1.680
166.61 -11.60 185.1 4.54 45.28 2.247
-178.11 -17.81 612.0 102.74 25.12 3.523
-178.11 -17.81 612.0 102.74 25.12 3.423
-178.11 -17.81 612.0 -35.90 -5.83 2.541
-179.04 -19.76 691.1 -106.46 34.95 1.813
-179.04 -19.76 691.1 -105.61 39.80 3.502
-179.04 -19.76 691.1 37.77 54.96 -2.565
-179.04 -19.76 691.1 -117.12 48.26 3.030
-179.04 -19.76 691.1 -104.04 44.12 2.878
-179.04 -19.76 691.1 23.93 35.41 0.722
-179.04 -19.76 691.1 5.53 22.79 0.348
-179.04 -19.76 691.1 129.68 62.03 2.173
-75.55 3.99 205.5 78.55 17.42 -4.251
-75.55 3.99 205.5 91.15 29.70 -1.098
-75.55 3.99 205.5 58.56 56.43 -2.097
-75.55 3.99 205.5 55.48 -4.67 -0.936
-75.55 3.99 205.5 174.70 -41.31 8.040
-177.58 -20.51 382.5 4.54 45.28 4.820
178.89 -23.92 564.5 8.33 48.33 -0.178
178.89 -23.92 564.5 15.82 39.99 1.197
123.27 2.95 444.7 11.94 78.93 -2.384
123.27 2.95 444.7 11.94 78.93 -2.384
123.27 2.95 444.7 11.94 78.93 -2.284
123.27 2.95 444.7 11.94 78.93 -2.284
123.27 2.95 444.7 -68.91 -22.61 5.181
70.67 36.61 189.2 -109.33 -27.13 -1.470
178.47 -26.45 616.6 42.85 11.53 1.185
178.47 -26.45 616.6 -16.95 14.39 -0.822
178.47 -26.45 616.6 4.54 45.28 0.760
178.47 -26.45 616.6 -99.18 19.33 4.382
178.47 -26.45 616.6 37.25 -1.13 1.798
178.47 -26.45 616.6 -6.18 36.64 0.747
178.47 -26.45 616.6 6.15 49.66 1.465
178.47 -26.45 616.6 -70.55 -40.73 5.369
178.47 -26.45 616.6 -152.58 57.78 4.034
178.47 -26.45 616.6 11.22 49.69 -1.527
178.47 -26.45 616.6 27.01 69.76 -2.040
178.47 -26.45 616.6 37.25 -1.13 1.798
178.47 -26.45 616.6 20.52 44.80 -2.634
178.47 -26.45 616.6 -4.61 32.82 0.824
178.47 -26.45 616.6 -118.64 42.43 4.451
-175.71 -20.12 200.6 32.79 39.87 -0.521
-175.71 -20.12 200.6 25.53 37.07 1.969
-175.71 -20.12 200.6 8.33 48.33 6.407
-175.71 -20.12 200.6 7.16 48.22 6.859
-175.71 -20.12 200.6 7.16 48.22 6.859
-175.71 -20.12 200.6 34.95 29.67 -0.139
-175.71 -20.12 200.6 11.22 49.69 5.383
-175.71 -20.12 200.6 30.51 37.84 1.816
-175.71 -20.12 200.6 17.54 49.78 3.691
-175.71 -20.12 200.6 19.89 47.92 1.690
-175.71 -20.12 200.6 45.50 23.52 -1.119
-175.71 -20.12 200.6 4.54 45.28 6.476
154.63 -6.06 415.5 -62.35 82.50 -2.653
179.03 -22.63 622.6 11.22 49.69 2.679
179.03 -22.63 622.6 25.50 35.18 -0.011
179.03 -22.63 622.6 5.53 22.79 5.604
120.16 -7.24 579.3 -59.56 13.14 -1.767
120.16 -7.24 579.3 -74.22 43.97 -2.488
120.16 -7.24 579.3 -90.29 -0.67 5.614
-178.99 -20.81 626.8 -84.11 10.00 7.150
-178.99 -20.81 626.8 -70.68 -33.15 2.970
-178.99 -20.81 626.8 24.96 35.38 0.871
-178.99 -20.81 626.8 -2.84 -71.67 5.374
-178.99 -20.81 626.8 116.17 40.02 0.630
-178.99 -20.81 626.8 109.49 30.27 1.418
-178.99 -20.81 626.8 109.49 30.27 1.418
-178.99 -20.81 626.8 119.74 49.27 2.108
-178.99 -20.81 626.8 102.74 25.12 3.535
-178.99 -20.81 626.8 102.74 25.12 3.535
-178.99 -20.81 626.8 8.33 48.33 1.609
-178.99 -20.81 626.8 -76.84 -11.99 7.842
-178.99 -20.81 626.8 98.98 18.79 -1.129
-178.99 -20.81 626.8 -147.85 64.87 1.844
-178.99 -20.81 626.8 -147.85 64.87 1.744
-178.99 -20.81 626.8 -70.70 -29.01 4.539
-178.99 -20.81 626.8 -35.90 -5.83 1.101
-178.99 -20.81 626.8 -61.98 -38.06 5.626
-178.99 -20.81 626.8 13.40 42.35 -0.917
-178.99 -20.81 626.8 -109.56 42.77 -0.146
-178.99 -20.81 626.8 -112.81 40.19 1.838
-178.99 -20.81 626.8 -119.53 46.39 3.391
-178.99 -20.81 626.8 -148.93 63.73 3.873
-177.26 -17.38 410.0 15.89 38.26 0.082
-179.89 -31.52 228.6 9.60 59.65 -1.312
-179.89 -31.52 228.6 -114.59 62.48 4.321
-179.89 -31.52 228.6 35.09 31.72 -1.356
179.65 -23.35 561.0 6.68 45.05 5.426
179.65 -23.35 561.0 15.82 39.99 2.171
-179.08 -17.44 546.2 18.42 5.18 2.039
122.89 0.00 178.0 7.16 48.22 0.092
122.89 0.00 178.0 11.22 49.69 1.871
167.21 -14.04 193.8 7.16 48.22 -0.432
167.21 -14.04 193.8 78.55 17.42 -0.785
167.21 -14.04 193.8 55.75 -21.16 1.114
167.21 -14.04 193.8 5.53 22.79 -6.500
167.21 -14.04 193.8 79.22 41.20 -2.183
-67.23 -20.76 201.3 78.55 17.42 -3.417
-67.23 -20.76 201.3 147.15 -9.41 1.237
-67.23 -20.76 201.3 116.17 40.02 -3.937
-67.23 -20.76 201.3 119.74 49.27 -7.151
-67.23 -20.76 201.3 91.15 29.70 -0.213
-67.23 -20.76 201.3 91.15 29.70 -0.313
-67.23 -20.76 201.3 87.69 43.82 -3.547
-67.23 -20.76 201.3 87.69 43.82 -3.647
-67.23 -20.76 201.3 98.98 18.79 -2.183
-67.23 -20.76 201.3 144.87 13.59 2.735
-67.23 -20.76 201.3 144.87 13.59 2.735
-67.23 -20.76 201.3 147.15 -9.41 1.237
-67.23 -20.76 201.3 107.05 47.87 -0.643
-67.23 -20.76 201.3 74.49 42.63 -0.387
-67.23 -20.76 201.3 74.50 43.27 -1.212
-67.23 -20.76 201.3 103.77 1.36 -0.660
135.82 41.27 375.4 -82.98 40.23 -3.562
135.82 41.27 375.4 -71.93 44.24 -3.289
135.82 41.27 375.4 -94.66 31.76 -1.121
135.82 41.27 375.4 -112.86 27.29 4.858
155.29 -6.28 151.8 5.53 22.79 -0.619
155.29 -6.28 151.8 11.94 78.93 1.600
155.29 -6.28 151.8 37.77 54.96 1.901
155.29 -6.28 151.8 42.69 43.96 1.598
155.29 -6.28 151.8 -95.84 29.96 2.100
155.29 -6.28 151.8 11.94 78.93 1.600
155.29 -6.28 151.8 27.01 69.76 -3.337
155.29 -6.28 151.8 -4.61 32.82 -2.190
146.97 -5.36 228.7 -35.90 -5.83 1.151
146.97 -5.36 228.7 4.54 45.28 -5.220
167.15 -13.78 197.1 55.75 -21.16 -0.318
167.15 -13.78 197.1 -14.36 -7.93 3.572
167.15 -13.78 197.1 -5.75 -15.96 3.376
167.15 -13.78 197.1 17.58 -19.20 3.386
167.15 -13.78 197.1 -110.78 32.31 8.662
174.32 -39.13 213.9 9.60 59.65 -0.645
-76.01 3.96 172.7 98.98 18.79 -3.961
-76.01 3.96 172.7 34.95 29.67 5.850
-76.01 3.96 172.7 109.49 30.27 -4.283
-76.01 3.96 172.7 29.21 50.69 1.650
-76.01 3.96 172.7 102.74 25.12 -4.942
-76.01 3.96 172.7 91.15 29.70 0.062
-76.01 3.96 172.7 91.15 29.70 -0.038
-76.01 3.96 172.7 128.87 71.65 -4.939
-63.13 -26.89 592.7 98.98 18.79 -1.476
-63.13 -26.89 592.7 98.98 18.79 -1.576
-63.13 -26.89 592.7 109.49 30.27 -4.532
-63.13 -26.89 592.7 -121.73 42.61 -3.159
-63.13 -26.89 592.7 129.59 44.62 -3.848
-179.91 -30.84 409.9 -119.33 48.36 2.660
-179.91 -30.84 409.9 8.33 48.33 1.193
-179.91 -30.84 409.9 -113.49 46.42 2.430
-179.91 -30.84 409.9 11.22 49.69 2.258
-179.91 -30.84 409.9 -111.49 43.88 4.017
-179.91 -30.84 409.9 -78.45 0.24 7.523
-179.91 -30.84 409.9 9.35 46.47 0.710
-179.91 -30.84 409.9 -109.74 35.12 6.628
-179.91 -30.84 409.9 -109.39 35.11 4.996
178.33 -26.42 621.7 4.54 45.28 1.289
166.90 -13.03 186.0 -4.35 39.55 0.864
143.20 22.05 264.3 -112.81 31.96 4.987
143.20 22.05 264.3 -111.46 32.00 6.283
143.20 22.05 264.3 -61.79 17.67 -2.838
143.20 22.05 264.3 -80.42 37.21 2.507
143.20 22.05 264.3 6.68 45.05 -5.845
143.20 22.05 264.3 19.99 44.10 -6.329
143.20 22.05 264.3 16.41 50.36 -3.442
143.20 22.05 264.3 -61.14 14.73 -3.367
143.20 22.05 264.3 -114.83 33.05 4.011
143.20 22.05 264.3 37.25 -1.13 0.682
143.20 22.05 264.3 37.25 -1.13 0.782
143.20 22.05 264.3 -71.93 44.24 -1.543
143.20 22.05 264.3 -110.74 40.19 3.620
143.20 22.05 264.3 -114.14 34.30 3.657
143.20 22.05 264.3 -69.29 45.26 -0.646
143.20 22.05 264.3 145.00 -89.93 0.992
143.20 22.05 264.3 145.00 -89.93 0.992
143.20 22.05 264.3 145.00 -89.93 0.892
143.20 22.05 264.3 166.76 -77.85 3.091
143.20 22.05 264.3 -66.83 54.83 5.214
143.20 22.05 264.3 -61.98 -38.06 3.014
143.20 22.05 264.3 -61.98 -38.06 3.114
143.20 22.05 264.3 10.39 44.16 -3.580
143.20 22.05 264.3 16.41 50.36 -3.442
167.09 -13.52 182.2 -16.95 14.39 5.169
167.09 -13.52 182.2 4.54 45.28 2.175
167.09 -13.52 182.2 79.22 41.20 -2.697
110.32 -5.81 644.2 34.65 67.90 -5.410
110.32 -5.81 644.2 -76.84 -11.99 1.201
110.32 -5.81 644.2 36.57 55.11 -5.944
110.32 -5.81 644.2 17.58 -19.20 -2.181
125.37 10.15 229.5 23.18 54.01 -0.716
112.39 -8.30 146.0 -47.43 -23.59 6.531
112.39 -8.30 146.0 -48.01 -15.64 2.581
112.39 -8.30 146.0 -76.84 -11.99 3.872
112.39 -8.30 146.0 -106.46 34.95 2.225
112.39 -8.30 146.0 -91.24 38.06 1.163
112.39 -8.30 146.0 -71.56 42.51 1.340
112.39 -8.30 146.0 -90.29 -0.67 4.738
112.39 -8.30 146.0 -64.05 -64.77 -0.558
112.39 -8.30 146.0 -59.97 -0.73 0.492
112.39 -8.30 146.0 -88.28 20.23 2.929
112.39 -8.30 146.0 14.52 35.87 1.930
112.39 -8.30 146.0 -59.66 -62.48 -1.575
112.39 -8.30 146.0 -74.67 41.76 -0.640
112.39 -8.30 146.0 -73.90 41.67 -0.567
112.39 -8.30 146.0 -74.93 42.45 -0.955
112.39 -8.30 146.0 -74.27 42.33 0.488
112.39 -8.30 146.0 -59.66 -62.48 -1.575
-178.46 -20.72 585.7 -16.95 14.39 1.314
-178.46 -20.72 585.7 5.53 22.79 -0.272
-178.46 -20.72 585.7 98.98 18.79 -0.037
-179.06 -20.92 643.8 36.57 55.11 -4.066
169.03 -18.88 161.9 32.79 39.87 -2.623
169.03 -18.88 161.9 25.53 37.07 -2.419
169.03 -18.88 161.9 -118.83 35.13 8.593
169.03 -18.88 161.9 -116.92 34.26 7.136
169.03 -18.88 161.9 -116.00 34.00 5.288
169.03 -18.88 161.9 -117.66 34.24 5.300
169.03 -18.88 161.9 -122.46 38.35 7.066
169.03 -18.88 161.9 -141.16 64.78 6.556
169.03 -18.88 161.9 -117.91 45.71 7.057
169.03 -18.88 161.9 -122.72 39.65 7.983
169.03 -18.88 161.9 -123.28 43.97 8.723
169.03 -18.88 161.9 -123.49 42.77 7.771
169.03 -18.88 161.9 -121.73 42.61 6.195
169.03 -18.88 161.9 -118.49 42.73 4.857
169.03 -18.88 161.9 -97.89 27.55 6.186
169.03 -18.88 161.9 -117.67 42.02 10.724
169.03 -18.88 161.9 -90.77 30.54 5.490
169.03 -18.88 161.9 -114.17 41.36 7.094
169.03 -18.88 161.9 -93.58 34.55 7.774
169.03 -18.88 161.9 -122.44 38.88 7.654
169.03 -18.88 161.9 -119.81 34.89 7.304
169.03 -18.88 161.9 -123.31 40.82 8.369
169.03 -18.88 161.9 -118.13 40.78 8.492
169.03 -18.88 161.9 -117.52 40.85 10.491
169.03 -18.88 161.9 -122.79 40.18 9.800
169.03 -18.88 161.9 -121.29 37.01 7.811
169.03 -18.88 161.9 -120.54 35.95 7.340
169.03 -18.88 161.9 -122.01 38.63 6.609
169.03 -18.88 161.9 -118.11 38.35 9.918
169.03 -18.88 161.9 -6.86 33.99 2.844
169.03 -18.88 161.9 -121.33 37.50 6.582
169.03 -18.88 161.9 -119.90 35.87 5.794
-178.74 -20.76 645.9 4.54 45.28 -2.814
-178.74 -20.76 645.9 -148.93 63.73 3.102
125.42 -7.02 536.1 -95.84 29.96 -0.633
125.42 -7.02 536.1 -95.83 29.95 -0.631
125.42 -7.02 536.1 -63.18 -8.95 0.782
125.42 -7.02 536.1 -63.18 -8.95 0.882
139.82 27.57 468.6 -93.70 50.86 1.331
179.51 -25.11 524.2 6.68 45.05 4.424
179.51 -25.11 524.2 37.25 -1.13 -0.052
179.51 -25.11 524.2 37.25 -1.13 0.048
179.51 -25.11 524.2 -111.63 41.31 4.495
179.51 -25.11 524.2 -6.86 33.99 2.310
179.51 -25.11 524.2 4.54 45.28 1.640
179.51 -25.11 524.2 10.39 44.16 0.899
179.51 -25.11 524.2 9.38 39.50 2.434
179.51 -25.11 524.2 7.30 46.36 4.115
-28.96 -59.78 281.5 137.03 35.35 -0.445
-28.96 -59.78 281.5 34.95 29.67 -0.158
-28.96 -59.78 281.5 30.51 37.84 -3.315
-28.96 -59.78 281.5 116.17 40.02 2.102
-28.96 -59.78 281.5 -62.35 82.50 3.259
-28.96 -59.78 281.5 45.50 23.52 -0.920
-28.96 -59.78 281.5 38.69 8.90 -0.281
-28.96 -59.78 281.5 -87.83 36.13 -4.737
-28.96 -59.78 281.5 142.76 46.96 0.833
-28.96 -59.78 281.5 13.40 42.35 4.665
-28.96 -59.78 281.5 31.83 29.93 -2.237
-28.96 -59.78 281.5 -87.83 36.13 -4.637
169.54 -18.97 264.6 9.60 59.65 -1.536
-175.65 -19.81 206.7 70.21 -49.35 9.466
-175.65 -19.81 206.7 16.41 50.36 2.311
-175.65 -19.81 206.7 35.09 31.72 -0.541
-175.65 -19.81 206.7 17.54 49.78 4.395
-175.65 -19.81 206.7 11.22 49.69 6.502
-175.65 -19.81 206.7 -4.35 39.55 -0.321
-66.62 -19.50 268.0 -158.01 21.42 5.536
-66.62 -19.50 268.0 79.22 41.20 -0.592
-66.62 -19.50 268.0 138.21 36.54 -0.427
-177.90 -20.68 490.3 23.93 35.41 1.879
-177.90 -20.68 490.3 5.53 22.79 0.480
138.02 32.10 363.7 -149.58 -17.57 4.918
-71.74 -8.32 528.2 3.07 47.30 -0.877
-177.12 -25.50 167.2 42.85 11.53 1.428
-177.12 -25.50 167.2 7.16 48.22 0.764
-177.12 -25.50 167.2 5.53 22.79 2.666
-177.12 -25.50 167.2 25.95 45.49 -1.006
-177.12 -25.50 167.2 9.19 48.77 1.158
-177.12 -25.50 167.2 6.15 49.66 3.753
-177.12 -25.50 167.2 -3.20 55.32 2.595
-177.12 -25.50 167.2 11.22 49.69 2.986
-177.12 -25.50 167.2 -115.24 40.74 1.674
-176.45 -21.87 164.3 42.85 11.53 3.477
-176.45 -21.87 164.3 78.55 17.42 0.593
-176.45 -21.87 164.3 37.77 54.96 1.788
-176.45 -21.87 164.3 25.26 -28.61 4.997
-176.45 -21.87 164.3 116.17 40.02 0.362
-176.45 -21.87 164.3 45.50 23.52 -0.831
-176.45 -21.87 164.3 -106.46 34.95 0.880
-176.45 -21.87 164.3 23.24 42.62 1.696
-176.45 -21.87 164.3 -99.74 38.81 3.783
-176.45 -21.87 164.3 -112.81 40.19 2.271
-176.45 -21.87 164.3 -98.78 34.74 5.483
-178.58 -17.75 589.4 -4.35 39.55 0.560
123.43 25.33 187.4 -52.84 -18.77 -0.335
130.17 -6.49 155.7 20.52 44.80 -5.752
179.60 -25.56 504.6 -14.36 -7.93 3.109
179.60 -25.56 504.6 -14.36 -7.93 3.309
179.60 -25.56 504.6 6.68 45.05 3.900
179.60 -25.56 504.6 15.82 39.99 1.503
179.60 -25.56 504.6 28.19 -15.28 -0.423
179.60 -25.56 504.6 28.19 -15.28 -0.523
179.60 -25.56 504.6 -121.84 41.78 2.354
179.60 -25.56 504.6 4.54 45.28 4.169
179.60 -25.56 504.6 5.53 22.79 5.647
179.60 -25.56 504.6 10.39 44.16 1.914
179.60 -25.56 504.6 9.38 39.50 2.296
-92.22 15.63 178.9 37.77 54.96 -3.747
-178.31 -19.66 618.9 3.07 47.30 1.800
-178.31 -19.66 618.9 22.71 49.63 -0.786
-70.84 -11.09 614.0 4.54 45.28 2.618
-70.84 -11.09 614.0 -3.20 55.32 0.028
-70.84 -11.09 614.0 70.32 39.00 -2.563
-70.84 -11.09 614.0 9.38 39.50 2.004
-178.85 -20.71 587.4 -4.35 39.55 0.316
-177.22 -24.08 199.0 91.69 32.25 0.876
-177.22 -24.08 199.0 7.16 48.22 -0.631
-177.22 -24.08 199.0 -3.20 55.32 2.237
-177.22 -24.08 199.0 4.54 45.28 1.343
-177.22 -24.08 199.0 91.90 33.45 2.192
-177.22 -24.08 199.0 91.69 32.25 0.876
-177.22 -24.08 199.0 91.90 33.45 2.192
70.48 36.41 222.9 -68.08 -16.17 -1.902
-66.69 -24.16 208.0 138.21 36.54 -2.672
-71.13 -39.19 167.3 142.76 46.96 1.611
145.60 19.00 210.6 4.54 45.28 -4.908
145.60 19.00 210.6 -57.33 -26.33 5.875
129.46 -6.83 196.2 -18.66 76.77 -2.368
-174.86 -17.33 291.2 3.07 47.30 3.363
-174.86 -17.33 291.2 4.54 45.28 6.250
-174.86 -17.33 291.2 5.53 22.79 5.461
-174.86 -17.33 291.2 35.20 31.77 0.353
-174.86 -17.33 291.2 38.43 38.31 -0.415
-174.86 -17.33 291.2 38.69 8.90 2.323
120.77 13.78 146.2 -116.81 35.30 2.912
120.77 13.78 146.2 -78.45 0.24 5.416
120.77 13.78 146.2 -78.45 0.24 5.616
120.77 13.78 146.2 -47.43 -23.59 2.215
-93.34 16.56 159.4 70.21 -49.35 5.961
-93.34 16.56 159.4 18.42 5.18 1.341
-93.34 16.56 159.4 166.76 -77.85 7.197
-93.34 16.56 159.4 119.74 49.27 -4.280
-93.34 16.56 159.4 70.28 53.06 -5.415
-93.34 16.56 159.4 42.69 43.96 -1.997
-93.34 16.56 159.4 88.44 69.50 -6.517
-93.34 16.56 159.4 103.64 51.68 -4.656
-93.34 16.56 159.4 -174.95 -21.35 3.509
-93.34 16.56 159.4 -174.34 -19.78 3.645
-178.42 -20.32 556.9 4.54 45.28 3.892
-179.60 -30.57 358.1 25.53 37.07 -6.314
-179.60 -30.57 358.1 14.31 41.72 3.626
-179.60 -30.57 358.1 34.95 29.67 -2.481
-179.60 -30.57 358.1 25.50 35.18 -2.534
-179.60 -30.57 358.1 13.78 52.48 0.002
-179.60 -30.57 358.1 4.54 45.28 1.872
-179.60 -30.57 358.1 9.19 48.77 0.366
-179.60 -30.57 358.1 9.38 39.50 1.817
-179.60 -30.57 358.1 14.52 35.84 -3.880
179.89 -23.71 547.1 14.52 35.84 0.192
134.81 37.34 388.6 -81.43 28.11 0.231
134.81 37.34 388.6 -70.70 -29.01 6.677
134.81 37.34 388.6 -112.86 27.29 7.865
134.81 37.34 388.6 -63.18 -8.95 -2.072
134.81 37.34 388.6 -63.18 -8.95 -1.972
134.81 37.34 388.6 -61.98 -38.06 4.798
134.81 37.34 388.6 -61.98 -38.06 4.898
167.69 -15.55 169.9 9.60 59.65 -0.892
167.27 -14.28 197.1 5.53 22.79 -2.269
146.20 -7.19 174.4 -61.14 14.73 4.453
146.20 -7.19 174.4 -35.90 -5.83 3.156
146.20 -7.19 174.4 -66.15 18.11 4.283
175.85 -38.53 153.1 13.40 42.35 -2.778
175.85 -38.53 153.1 8.33 48.33 -0.372
175.85 -38.53 153.1 -147.85 64.87 1.948
175.85 -38.53 153.1 16.41 50.36 2.882
175.85 -38.53 153.1 44.74 40.15 -2.453
175.85 -38.53 153.1 11.22 49.69 1.684
175.85 -38.53 153.1 119.74 49.27 -2.533
175.85 -38.53 153.1 35.20 31.77 -1.619
175.85 -38.53 153.1 27.01 69.76 2.559
175.85 -38.53 153.1 27.01 69.76 2.559
175.85 -38.53 153.1 91.15 29.70 -0.749
175.85 -38.53 153.1 34.65 67.90 -0.044
175.85 -38.53 153.1 37.77 54.96 -1.841
175.85 -38.53 153.1 23.18 54.01 -2.583
175.85 -38.53 153.1 13.76 45.71 -4.118
175.85 -38.53 153.1 107.05 47.87 2.474
175.85 -38.53 153.1 9.38 39.50 0.472
-70.58 -14.64 208.1 126.62 37.48 -5.494
-70.58 -14.64 208.1 138.21 36.54 3.756
-70.58 -14.64 208.1 110.52 -7.91 1.947
140.71 26.25 386.3 7.16 48.22 -4.764
140.71 26.25 386.3 -47.43 -23.59 3.906
140.71 26.25 386.3 4.54 45.28 -2.992
140.71 26.25 386.3 16.41 50.36 -0.797
140.71 26.25 386.3 161.85 -77.52 4.518
140.71 26.25 386.3 -71.56 42.51 -1.946
140.71 26.25 386.3 13.40 42.35 -0.653
140.71 26.25 386.3 23.24 42.62 -0.868
140.71 26.25 386.3 16.41 50.36 -0.797
-178.24 -17.40 640.9 98.94 18.81 -1.291
179.24 -25.63 531.1 4.54 45.28 3.290
179.24 -25.63 531.1 9.19 48.77 3.074
179.24 -25.63 531.1 -3.20 55.32 2.246
145.65 18.86 215.5 6.68 45.05 -2.491
145.65 18.86 215.5 -21.33 64.75 5.170
145.65 18.86 215.5 -21.33 64.75 5.170
145.65 18.86 215.5 -70.70 -29.01 5.384
145.65 18.86 215.5 -68.91 -22.61 7.209
145.65 18.86 215.5 -68.91 -22.61 7.209
145.65 18.86 215.5 -76.84 -11.99 7.351
145.65 18.86 215.5 -76.84 -11.99 7.351
145.65 18.86 215.5 -111.17 38.92 10.728
145.65 18.86 215.5 -111.48 38.28 11.240
145.65 18.86 215.5 -35.90 -5.83 0.514
145.65 18.86 215.5 -35.90 -5.83 0.614
145.65 18.86 215.5 4.54 45.28 -2.534
145.65 18.86 215.5 -12.32 -37.07 2.150
145.65 18.86 215.5 -61.98 -38.06 5.053
145.65 18.86 215.5 7.30 46.36 -1.443
-62.99 -28.84 596.1 138.21 36.54 -1.788
-74.46 -8.03 143.2 24.89 34.98 2.137
-74.46 -8.03 143.2 98.98 18.79 -3.903
-74.46 -8.03 143.2 78.55 17.42 -3.039
-74.46 -8.03 143.2 25.95 45.49 0.726
-74.46 -8.03 143.2 147.15 -9.41 2.745
-74.46 -8.03 143.2 147.15 -9.41 2.745
-74.46 -8.03 143.2 23.24 42.62 2.125
-68.05 -21.47 147.9 138.21 36.54 -2.762
166.38 -10.48 163.7 5.53 22.79 -0.276
-175.09 -19.97 161.8 13.40 42.35 3.137
-175.09 -19.97 161.8 4.54 45.28 0.920
-71.30 -9.49 611.0 4.54 45.28 -2.983
-71.30 -9.49 611.0 9.19 48.77 -2.695
-71.30 -9.49 611.0 -3.20 55.32 -3.009
-71.30 -9.49 611.0 121.50 24.97 -7.086
-71.30 -9.49 611.0 9.38 39.50 -3.367
-178.95 -17.18 569.3 22.71 49.63 -0.303
-178.95 -17.18 569.3 4.27 39.90 1.742
-178.95 -17.18 569.3 -23.61 14.97 -0.035
-178.95 -17.18 569.3 -4.35 39.55 3.043
-178.95 -17.18 569.3 10.39 44.16 5.738
168.96 -18.70 202.6 13.40 42.35 -2.360
168.96 -18.70 202.6 14.52 35.84 -0.255
-179.89 -30.95 357.9 4.54 45.28 1.333
-179.89 -30.95 357.9 -6.38 53.25 2.948
-179.89 -30.95 357.9 13.32 54.55 1.987
-179.89 -30.95 357.9 -6.18 36.64 -2.417
-179.89 -30.95 357.9 6.15 49.66 2.792
-179.89 -30.95 357.9 116.17 40.02 2.578
-179.89 -30.95 357.9 91.15 29.70 3.056
-179.89 -30.95 357.9 8.33 48.33 1.157
-179.89 -30.95 357.9 -25.52 37.76 2.581
-179.89 -30.95 357.9 42.69 43.96 3.197
-179.89 -30.95 357.9 103.64 51.68 1.640
-179.89 -30.95 357.9 11.22 49.69 0.668
-179.89 -30.95 357.9 14.52 35.87 -2.722
-179.89 -30.95 357.9 -119.71 34.44 3.395
146.77 -5.37 155.1 -35.90 -5.83 1.771
146.77 -5.37 155.1 -35.90 -5.83 1.671
144.58 47.87 490.9 -58.06 -51.68 1.071
71.12 36.58 221.6 -70.68 -33.15 -4.612
71.12 36.58 221.6 -116.67 32.68 -0.679
71.12 36.58 221.6 -116.81 35.30 -0.780
71.12 36.58 221.6 -120.55 35.41 -0.772
71.12 36.58 221.6 -118.82 34.16 -0.296
71.12 36.58 221.6 -118.29 34.02 -1.019
71.12 36.58 221.6 -116.46 33.61 0.405
71.12 36.58 221.6 -106.46 34.95 -5.491
71.12 36.58 221.6 -106.46 34.95 -5.491
71.12 36.58 221.6 -81.43 28.11 -3.513
71.12 36.58 221.6 -70.70 -29.01 -0.993
71.12 36.58 221.6 -66.15 18.11 -3.183
71.12 36.58 221.6 -99.74 38.81 -6.873
-77.04 -1.06 236.9 39.58 -69.01 -3.804
100.15 1.27 213.0 -114.83 33.05 1.545
100.15 1.27 213.0 -48.01 -15.64 3.438
100.15 1.27 213.0 -95.84 29.96 -0.696
137.20 33.32 378.4 42.85 11.53 -0.110
137.20 33.32 378.4 110.54 -66.28 -2.886
137.20 33.32 378.4 -91.24 38.06 -0.946
137.20 33.32 378.4 38.69 8.90 -3.826
137.20 33.32 378.4 -70.70 -29.01 4.694
137.20 33.32 378.4 -79.85 39.66 -0.686
-178.17 -21.95 374.2 78.55 17.42 -2.161
-178.17 -21.95 374.2 152.37 62.93 3.571
-178.17 -21.95 374.2 109.49 30.27 2.210
-178.17 -21.95 374.2 58.56 56.43 1.030
-178.17 -21.95 374.2 36.57 55.11 -2.017
-178.17 -21.95 374.2 103.64 51.68 2.851
-178.17 -21.95 374.2 98.98 18.79 -2.032
-178.17 -21.95 374.2 9.60 59.65 8.352
-63.38 -26.82 572.3 109.49 30.27 -4.639
-63.38 -26.82 572.3 -123.07 38.99 -2.372
-63.27 -26.15 574.5 116.17 40.02 -2.768
-63.27 -26.15 574.5 109.49 30.27 -3.752
-63.27 -26.15 574.5 102.74 25.12 -1.975
-63.27 -26.15 574.5 102.74 25.12 -1.975
-63.27 -26.15 574.5 -120.30 41.90 5.162
-63.27 -26.15 574.5 -4.35 39.55 1.175
-63.27 -26.15 574.5 147.15 -9.41 -4.287
-63.27 -26.15 574.5 147.15 -9.41 -4.187
-63.27 -26.15 574.5 109.84 19.03 2.776
-63.27 -26.15 574.5 121.50 24.97 -7.198
-63.27 -26.15 574.5 121.50 24.97 -7.198
-63.27 -26.15 574.5 108.92 34.03 -2.685
-63.27 -26.15 574.5 108.92 34.03 -2.085
-63.27 -26.15 574.5 121.37 24.67 -6.729
128.13 -6.43 355.0 -116.15 45.89 2.686
128.13 -6.43 355.0 -35.90 -5.83 2.306
-176.25 -21.18 197.5 7.16 48.22 4.361
-176.25 -21.18 197.5 18.42 5.18 4.971
-176.25 -21.18 197.5 -4.86 6.67 3.383
-176.25 -21.18 197.5 8.33 48.33 1.841
170.49 -21.66 151.9 7.16 48.22 -3.901
170.49 -21.66 151.9 38.43 38.31 0.942
170.49 -21.66 151.9 -117.25 32.84 15.833
110.28 -5.62 563.6 -52.73 5.21 0.940
110.28 -5.62 563.6 -99.18 19.33 4.585
145.07 43.76 156.3 5.53 22.79 -8.524
145.07 43.76 156.3 -48.01 -15.64 -3.932
145.07 43.76 156.3 -70.55 -40.73 4.881
145.07 43.76 156.3 -70.00 -52.06 4.751
145.07 43.76 156.3 24.46 -24.84 -2.691
-176.13 -21.38 165.0 42.85 11.53 0.973
-176.13 -21.38 165.0 7.16 48.22 3.659
-176.13 -21.38 165.0 78.55 17.42 -1.902
-176.13 -21.38 165.0 5.53 22.79 2.205
-176.13 -21.38 165.0 34.95 29.67 1.644
-176.13 -21.38 165.0 35.20 31.77 0.845
-176.13 -21.38 165.0 37.25 -1.13 3.168
-176.13 -21.38 165.0 -7.54 40.40 -0.890
-176.13 -21.38 165.0 25.46 36.37 2.623
-176.13 -21.38 165.0 6.15 49.66 5.044
-176.13 -21.38 165.0 58.56 56.43 2.164
-176.13 -21.38 165.0 8.33 48.33 3.346
-176.13 -21.38 165.0 45.50 23.52 -2.900
-176.13 -21.38 165.0 103.64 51.68 0.394
-176.13 -21.38 165.0 37.25 -1.13 3.168
-176.13 -21.38 165.0 -70.63 8.88 6.231
-176.13 -21.38 165.0 -109.56 42.77 6.337
-176.13 -21.38 165.0 -111.57 41.61 2.599
-176.13 -21.38 165.0 29.33 -24.11 4.144
-178.84 -17.63 552.3 103.84 36.09 0.235
-178.84 -17.63 552.3 36.57 55.11 -3.462
-178.71 -19.74 622.1 -99.18 19.33 4.136
-178.71 -19.74 622.1 -2.84 -71.67 1.555
-178.71 -19.74 622.1 -150.98 64.10 -0.251
-178.71 -19.74 622.1 -138.21 59.09 -1.699
-68.00 -22.62 152.4 -114.74 62.49 -12.134
-68.00 -22.62 152.4 129.59 44.62 -5.388
-68.00 -22.62 152.4 129.59 44.62 -5.388
-68.00 -22.62 152.4 109.84 19.03 -0.244
-68.00 -22.62 152.4 108.92 34.03 -0.170
-68.00 -22.62 152.4 108.92 34.03 0.330
-68.00 -22.62 152.4 72.45 -7.41 0.250
-68.00 -22.62 152.4 72.45 -7.41 0.250
-68.00 -22.62 152.4 -139.40 59.67 -6.871
-68.00 -22.62 152.4 -135.33 59.46 -6.282
-66.17 -22.82 257.6 91.15 29.70 -4.711
-66.17 -22.82 257.6 109.84 19.03 2.743
-178.67 -20.91 547.9 -21.33 64.75 3.665
-178.67 -20.91 547.9 15.82 39.99 -0.052
-178.67 -20.91 547.9 70.21 -49.35 2.223
-174.81 -15.25 268.9 109.49 30.27 2.715
-174.81 -15.25 268.9 87.69 43.82 -0.399
130.34 30.96 147.0 -119.32 37.32 5.693
179.05 -24.22 562.0 6.68 45.05 2.460
179.05 -24.22 562.0 24.89 35.29 -4.162
179.05 -24.22 562.0 10.39 44.16 -2.544
152.03 -4.65 151.5 8.33 48.33 -2.593
152.03 -4.65 151.5 -25.52 37.76 3.001
152.03 -4.65 151.5 -118.47 43.36 5.381
152.03 -4.65 151.5 11.94 78.93 -0.838
152.03 -4.65 151.5 27.01 69.76 -4.436
152.03 -4.65 151.5 27.01 69.76 -3.736
152.03 -4.65 151.5 -6.86 33.99 -3.152
152.03 -4.65 151.5 5.53 22.79 1.025
152.03 -4.65 151.5 14.52 35.84 -2.158
-174.68 -16.36 231.4 42.85 11.53 1.023
-174.68 -16.36 231.4 8.33 48.33 3.375
-174.68 -16.36 231.4 18.42 5.18 0.629
-174.68 -16.36 231.4 98.98 18.79 3.392
-174.68 -16.36 231.4 11.22 49.69 4.792
-68.81 -13.85 600.1 -6.38 53.25 3.258
179.68 -25.34 513.1 4.54 45.28 1.421
-175.97 -16.57 376.3 -91.24 38.06 8.732
-175.97 -16.57 376.3 -4.35 39.55 0.889
-175.97 -16.57 376.3 5.53 22.79 2.470
-178.43 -21.05 551.8 -119.53 46.39 4.997
-178.43 -21.05 551.8 -7.54 40.40 -1.475
98.97 3.38 202.7 -114.01 28.01 1.311
98.97 3.38 202.7 -112.86 27.29 1.602
98.97 3.38 202.7 -90.29 -0.67 3.530
98.97 3.38 202.7 -116.46 33.61 0.675
98.97 3.38 202.7 -70.63 8.88 -0.331
98.97 3.38 202.7 -70.63 8.88 -0.031
98.97 3.38 202.7 -116.43 33.52 0.081
98.97 3.38 202.7 -110.78 32.31 -1.089
98.97 3.38 202.7 -106.92 34.07 -0.674
-179.52 -30.48 365.7 13.32 54.55 0.662
-179.52 -30.48 365.7 9.19 48.77 -1.038
-179.52 -30.48 365.7 129.59 44.62 1.569
-179.52 -30.48 365.7 -4.35 39.55 -1.501
179.71 -34.24 152.0 25.53 37.07 -3.161
179.71 -34.24 152.0 8.33 48.33 0.430
179.71 -34.24 152.0 15.89 38.26 -2.341
179.71 -34.24 152.0 14.31 41.72 -2.066
179.71 -34.24 152.0 38.69 8.90 8.444
179.71 -34.24 152.0 24.89 35.29 -0.695
179.71 -34.24 152.0 25.46 36.37 -3.355
179.71 -34.24 152.0 23.24 42.62 -2.571
179.71 -34.24 152.0 26.22 35.11 -0.203
178.78 -26.44 572.0 4.54 45.28 2.032
154.67 -5.53 153.9 -4.05 39.88 -0.993
-66.51 -23.30 245.4 79.22 41.20 -10.250
123.02 -0.09 149.7 -68.91 -22.62 7.194
123.02 -0.09 149.7 -68.91 -22.62 7.294
123.02 -0.09 149.7 -58.06 -51.68 0.339
123.02 -0.09 149.7 -68.91 -22.61 7.094
123.02 -0.09 149.7 -68.91 -22.61 7.194
123.02 -0.09 149.7 -4.17 58.03 -7.169
179.36 -23.99 532.1 11.22 49.69 -0.731
179.36 -23.99 532.1 9.60 59.65 0.516
179.36 -23.99 532.1 28.19 -15.28 -1.565
179.36 -23.99 532.1 28.19 -15.28 -1.565
179.36 -23.99 532.1 -7.54 40.40 -0.791
179.36 -23.99 532.1 5.53 22.79 1.782
-75.87 4.01 184.0 13.32 54.55 2.665
-75.87 4.01 184.0 109.49 30.27 -5.160
-75.87 4.01 184.0 102.74 25.12 -5.942
-75.87 4.01 184.0 144.87 13.59 2.456
-75.87 4.01 184.0 121.50 24.97 -0.474
-75.87 4.01 184.0 128.87 71.65 -4.291
71.27 36.51 206.0 -128.11 52.18 0.327
71.27 36.51 206.0 146.25 -20.09 -3.003
125.00 3.74 210.7 -114.57 47.68 4.292
125.00 3.74 210.7 -123.30 44.59 5.599
125.00 3.74 210.7 -118.31 47.06 1.904
125.00 3.74 210.7 -84.07 10.00 3.149
125.00 3.74 210.7 -35.90 -5.83 2.605
-69.70 -17.42 150.1 78.55 17.42 -5.525
-69.70 -17.42 150.1 79.22 41.20 -1.122
-69.70 -17.42 150.1 102.74 25.12 -3.703
-69.70 -17.42 150.1 91.15 29.70 -2.623
-69.70 -17.42 150.1 -6.38 53.25 -0.150
-69.70 -17.42 150.1 98.98 18.79 -3.763
-69.70 -17.42 150.1 121.50 24.97 0.524
-69.70 -17.42 150.1 142.76 46.96 1.079
179.75 -33.49 162.1 9.60 59.65 2.798
127.61 -7.59 177.5 -25.52 37.76 -5.554
127.61 -7.59 177.5 -81.43 28.11 3.250
127.61 -7.59 177.5 -61.65 12.13 0.039
127.61 -7.59 177.5 27.01 69.76 -2.165
127.61 -7.59 177.5 -77.53 18.23 3.062
-179.34 -21.75 600.4 25.53 37.07 -2.991
-179.34 -21.75 600.4 15.89 38.26 3.093
-179.34 -21.75 600.4 24.89 35.29 0.191
-179.34 -21.75 600.4 25.46 36.37 -1.691
-179.34 -21.75 600.4 10.39 44.16 1.777
-179.34 -21.75 600.4 9.38 39.50 3.359
-179.34 -21.75 600.4 14.52 35.84 2.205
-178.99 -20.99 648.5 -70.68 -33.15 2.346
-178.99 -20.99 648.5 4.54 45.28 0.889
-178.99 -20.99 648.5 116.17 40.02 -0.006
-178.99 -20.99 648.5 108.92 34.03 1.468
-178.99 -20.99 648.5 108.92 34.03 1.468
-178.99 -20.99 648.5 -58.06 -51.68 2.078
-178.99 -20.99 648.5 -76.84 -11.99 7.687
-178.99 -20.99 648.5 36.57 55.11 -2.189
-178.99 -20.99 648.5 -106.46 34.95 1.307
-178.99 -20.99 648.5 98.98 18.79 -1.263
-178.99 -20.99 648.5 -35.90 -5.83 -0.585
-178.99 -20.99 648.5 -35.90 -5.83 -0.485
-178.99 -20.99 648.5 -150.23 62.69 3.043
-178.99 -20.99 648.5 -148.38 63.37 3.973
-178.99 -20.99 648.5 -147.14 63.03 3.912
-178.99 -20.99 648.5 -149.27 63.23 2.854
-178.99 -20.99 648.5 -150.80 62.53 2.628
-178.99 -20.99 648.5 -149.48 63.72 3.023
-178.99 -20.99 648.5 -148.77 63.66 3.648
-178.67 -17.88 581.5 19.89 47.92 3.222
-178.67 -17.88 581.5 14.52 35.84 0.292
-174.42 -15.78 253.1 38.69 8.90 1.373
-174.42 -15.78 253.1 37.25 -1.13 2.169
-174.42 -15.78 253.1 37.25 -1.13 2.169
-174.42 -15.78 253.1 -86.29 38.23 4.364
-174.42 -15.78 253.1 87.69 43.82 -1.566
153.22 53.50 620.6 -2.84 -71.67 -0.381
138.90 43.24 236.6 140.01 -66.67 -0.845
138.90 43.24 236.6 -47.43 -23.59 -1.805
138.90 43.24 236.6 -70.55 -40.73 4.813
138.90 43.24 236.6 -36.49 -54.28 -2.515
-77.56 -1.42 188.1 19.89 47.92 4.210
-77.56 -1.42 188.1 125.64 -18.10 -1.796
-178.52 -21.66 445.0 -4.35 39.55 0.643
129.57 -6.81 158.8 16.41 50.36 0.139
129.57 -6.81 158.8 17.54 49.78 -0.267
129.57 -6.81 158.8 -48.01 -15.64 -1.225
129.57 -6.81 158.8 -84.95 10.29 3.078
129.57 -6.81 158.8 -59.97 -0.73 -0.380
129.57 -6.81 158.8 -66.15 18.11 4.354
129.57 -6.81 158.8 -79.85 39.66 7.030
129.57 -6.81 158.8 -98.78 34.74 3.155
-179.65 -22.07 599.2 14.52 35.84 1.441
167.26 -14.64 156.6 78.55 17.42 -6.589
167.26 -14.64 156.6 -3.20 55.32 4.639
167.26 -14.64 156.6 30.74 -0.60 1.429
167.26 -14.64 156.6 -23.61 14.97 3.957
167.26 -14.64 156.6 -5.75 -15.96 2.870
167.26 -14.64 156.6 -4.35 39.55 4.249
167.26 -14.64 156.6 13.40 42.35 1.126
167.26 -14.64 156.6 86.83 28.20 -0.394
154.41 -5.77 363.1 -120.39 38.03 1.400
154.41 -5.77 363.1 -116.86 33.35 -2.314
154.41 -5.77 363.1 -35.90 -5.83 2.613
154.41 -5.77 363.1 76.24 42.25 1.052
113.17 -5.91 620.4 -106.46 34.95 0.088
180.07 -31.82 221.0 78.55 17.42 -0.288
180.07 -31.82 221.0 4.54 45.28 0.987
180.07 -31.82 221.0 5.53 22.79 -0.484
180.07 -31.82 221.0 16.41 50.36 -0.001
180.07 -31.82 221.0 -6.38 53.25 4.691
180.07 -31.82 221.0 18.42 5.18 2.589
180.07 -31.82 221.0 -4.86 6.67 1.011
180.07 -31.82 221.0 58.12 37.93 -0.765
180.07 -31.82 221.0 34.65 67.90 1.486
180.07 -31.82 221.0 -76.84 -11.99 7.272
180.07 -31.82 221.0 36.57 55.11 1.780
180.07 -31.82 221.0 32.79 39.87 -5.311
180.07 -31.82 221.0 9.60 59.65 0.670
-175.94 -21.56 154.1 42.85 11.53 0.900
-175.94 -21.56 154.1 78.55 17.42 -3.562
-175.94 -21.56 154.1 -16.95 14.39 3.518
-175.94 -21.56 154.1 4.54 45.28 5.833
-175.94 -21.56 154.1 5.53 22.79 1.005
-175.94 -21.56 154.1 -99.18 19.33 4.485
-175.94 -21.56 154.1 33.33 34.96 1.503
-175.94 -21.56 154.1 30.51 37.84 2.580
-175.94 -21.56 154.1 37.25 -1.13 3.266
-175.94 -21.56 154.1 37.77 54.96 0.517
-175.94 -21.56 154.1 23.93 35.41 4.201
-175.94 -21.56 154.1 23.18 54.01 1.779
-175.94 -21.56 154.1 18.42 5.18 2.166
-175.94 -21.56 154.1 91.15 29.70 1.424
-175.94 -21.56 154.1 87.69 43.82 0.027
-175.94 -21.56 154.1 58.56 56.43 0.609
-175.94 -21.56 154.1 -25.52 37.76 0.522
-175.94 -21.56 154.1 45.50 23.52 -2.336
-175.94 -21.56 154.1 98.98 18.79 -0.026
-175.94 -21.56 154.1 38.69 8.90 3.152
-175.94 -21.56 154.1 29.21 50.69 -2.023
-175.94 -21.56 154.1 37.25 -1.13 3.266
-175.94 -21.56 154.1 107.05 47.87 0.400
-175.94 -21.56 154.1 13.40 42.35 3.266
-175.94 -21.56 154.1 31.83 29.93 -1.575
-175.94 -21.56 154.1 13.76 45.71 1.235
-175.94 -21.56 154.1 23.24 42.62 3.166
-175.94 -21.56 154.1 -112.81 40.19 3.356
145.69 18.53 231.1 -48.01 -15.64 1.559
145.69 18.53 231.1 -70.55 -40.73 6.242
