-65.88 -22.25 274.1 -85.57 35.60 -14.484
-65.88 -22.25 274.1 -106.46 34.95 -7.107
178.73 -17.62 678.2 149.00 -35.32 -1.567
-177.90 -19.88 590.0 -171.78 -13.91 11.140
-177.90 -19.88 590.0 -171.78 -13.91 11.040
-177.90 -19.88 590.0 176.25 -40.68 2.127
-177.90 -19.88 590.0 176.49 -39.17 2.881
-177.90 -19.88 590.0 149.00 -35.32 3.191
-177.90 -19.88 590.0 146.25 -20.09 3.279
-177.90 -19.88 590.0 174.86 -38.51 1.075
-177.90 -19.88 590.0 159.95 -9.43 0.858
-177.90 -19.88 590.0 159.95 -9.43 0.758
-177.90 -19.88 590.0 173.54 -42.42 0.484
-177.90 -19.88 590.0 117.23 -32.93 -2.544
-177.90 -19.88 590.0 170.64 -45.05 3.708
-177.90 -19.88 590.0 173.60 -35.22 7.099
-177.90 -19.88 590.0 -149.58 -17.57 11.032
-177.90 -19.88 590.0 172.53 -40.83 -0.108
-177.90 -19.88 590.0 -177.92 -29.25 4.265
-177.90 -19.88 590.0 174.70 -41.31 0.436
-177.90 -19.88 590.0 116.71 -30.61 0.151
168.05 -15.82 228.8 149.00 -35.32 -1.520
168.05 -15.82 228.8 146.25 -20.09 -0.138
-173.77 -16.77 159.4 140.00 -66.67 0.085
-173.77 -16.77 159.4 166.30 -22.10 11.700
-173.77 -16.77 159.4 -121.40 36.60 7.012
-173.77 -16.77 159.4 -117.25 32.84 6.889
-173.77 -16.77 159.4 -118.29 34.02 7.032
-69.48 -13.27 601.4 -48.01 -15.64 -5.884
-69.48 -13.27 601.4 -116.46 33.61 -2.190
-69.48 -13.27 601.4 -116.46 33.61 -2.290
-179.12 -20.10 679.6 149.00 -35.32 2.000
-179.12 -20.10 679.6 166.30 -22.10 7.065
140.37 26.72 457.7 116.17 40.02 -5.025
140.37 26.72 457.7 109.49 30.27 -6.383
-178.37 -17.33 558.9 149.00 -35.32 -3.128
-179.11 -21.04 642.6 -171.78 -13.91 5.735
-179.11 -21.04 642.6 -171.78 -13.91 5.535
-179.11 -21.04 642.6 166.30 -22.10 6.481
-179.11 -21.04 642.6 174.70 -41.31 -3.033
-179.11 -21.04 642.6 161.85 -77.52 -2.316
122.70 -7.77 258.1 147.15 -9.41 -0.815
122.70 -7.77 258.1 147.15 -9.41 -1.815
138.88 34.78 166.6 -115.65 48.93 -1.224
138.88 34.78 166.6 -62.35 82.50 -2.254
138.88 34.78 166.6 -62.35 82.50 -2.154
138.88 34.78 166.6 -121.87 37.95 1.920
138.88 34.78 166.6 -113.75 47.77 -1.233
138.88 34.78 166.6 146.25 -20.09 3.493
138.88 34.78 166.6 -113.49 46.42 -0.427
138.88 34.78 166.6 -117.78 45.28 1.197
138.88 34.78 166.6 119.74 49.27 -1.676
138.88 34.78 166.6 -122.96 42.61 3.133
138.88 34.78 166.6 -124.03 40.82 3.627
138.88 34.78 166.6 -120.89 42.73 2.958
138.88 34.78 166.6 11.94 78.93 -0.350
138.88 34.78 166.6 129.59 44.62 -2.168
138.88 34.78 166.6 129.59 44.62 -2.268
138.88 34.78 166.6 -122.54 40.58 5.242
138.88 34.78 166.6 -122.71 41.73 9.000
138.88 34.78 166.6 121.37 24.67 0.414
138.88 34.78 166.6 142.76 46.96 -1.808
-179.06 -20.71 646.2 -149.58 -17.57 9.412
-179.06 -20.71 646.2 178.05 -17.73 8.471
-179.06 -20.71 646.2 146.25 -20.09 5.616
-179.06 -20.71 646.2 159.95 -9.43 1.344
-179.06 -20.71 646.2 -159.77 -21.21 8.305
-179.06 -20.71 646.2 174.70 -41.31 -1.902
146.15 18.50 156.3 138.21 36.54 0.913
70.42 36.40 211.4 -62.35 82.50 -4.313
-178.13 -23.47 333.9 -171.78 -13.91 5.573
133.63 38.62 460.4 137.03 35.35 -3.226
133.63 38.62 460.4 -158.01 21.42 7.751
133.63 38.62 460.4 152.37 62.93 -3.515
133.63 38.62 460.4 119.74 49.27 -0.395
133.63 38.62 460.4 129.59 44.62 -3.240
133.63 38.62 460.4 146.25 -20.09 2.340
133.63 38.62 460.4 -158.01 21.42 8.151
133.63 38.62 460.4 138.21 36.54 -0.361
-178.40 -17.47 551.6 166.30 -22.10 4.095
-178.40 -17.47 551.6 -171.78 -13.91 6.927
-178.40 -17.47 551.6 146.25 -20.09 0.835
-178.40 -17.47 551.6 117.23 -32.93 -2.999
-161.69 56.42 214.9 -117.12 48.26 -2.263
139.54 27.94 519.4 137.03 35.35 8.902
139.54 27.94 519.4 -158.01 21.42 -0.881
139.54 27.94 519.4 129.59 44.62 -3.596
139.54 27.94 519.4 -158.01 21.42 -0.381
139.54 27.94 519.4 138.21 36.54 -0.158
125.34 5.12 177.3 146.25 -20.09 3.525
125.34 5.12 177.3 134.36 -19.93 -4.570
166.84 -13.15 188.9 98.98 18.79 5.955
166.84 -13.15 188.9 146.25 -20.09 2.917
166.84 -13.15 188.9 119.74 49.27 2.474
166.84 -13.15 188.9 121.50 24.97 1.708
-65.73 -22.05 265.9 -47.43 -23.59 -1.953
-65.73 -22.05 265.9 -68.08 -16.17 -0.679
-65.73 -22.05 265.9 -70.55 -40.73 -0.886
-65.73 -22.05 265.9 -59.97 -0.73 -2.176
-178.49 -17.85 649.7 146.25 -20.09 1.398
128.47 -5.55 395.8 75.60 42.92 4.044
179.33 -22.49 611.1 166.30 -22.10 5.285
179.33 -22.49 611.1 -149.58 -17.57 8.632
179.33 -22.49 611.1 147.32 -42.91 1.678
179.33 -22.49 611.1 -159.77 -21.21 4.552
179.31 -22.40 625.6 166.30 -22.10 4.228
124.52 25.98 199.7 121.50 24.97 -8.055
136.70 45.47 356.6 116.17 40.02 -5.102
136.70 45.47 356.6 109.49 30.27 -7.120
136.70 45.47 356.6 119.74 49.27 -4.955
136.70 45.47 356.6 9.60 59.65 -0.623
136.70 45.47 356.6 150.77 59.58 -6.645
136.70 45.47 356.6 138.21 36.54 -10.229
136.70 45.47 356.6 129.59 44.62 -3.859
136.70 45.47 356.6 129.59 44.62 -4.959
136.70 45.47 356.6 158.65 53.02 -5.169
136.70 45.47 356.6 121.19 31.10 -5.156
136.70 45.47 356.6 107.05 47.87 -2.879
136.70 45.47 356.6 108.92 34.03 -6.122
136.70 45.47 356.6 108.92 34.03 -5.522
136.70 45.47 356.6 142.76 46.96 -5.034
-93.05 16.64 206.8 -81.43 28.11 -0.932
-93.05 16.64 206.8 -95.84 29.96 -3.187
-93.05 16.64 206.8 -152.58 57.78 -0.725
-93.05 16.64 206.8 -90.29 -0.67 3.044
-93.05 16.64 206.8 -110.78 32.31 -0.318
146.60 49.01 579.9 -121.81 46.75 -2.152
144.94 13.98 161.0 87.69 43.82 -3.277
-178.18 -17.64 602.1 149.00 -35.32 1.180
-178.18 -17.64 602.1 174.86 -38.51 -0.733
-178.18 -17.64 602.1 173.54 -42.42 -2.663
-178.18 -17.64 602.1 173.60 -35.22 6.169
-178.18 -17.64 602.1 -159.77 -21.21 11.423
-178.18 -17.64 602.1 -109.33 -27.13 10.679
-178.18 -17.64 602.1 174.70 -41.31 -1.561
139.40 27.86 516.3 138.21 36.54 0.598
-63.27 -26.16 566.0 -81.43 28.11 -6.987
-63.27 -26.16 566.0 145.00 -89.93 -10.986
-63.27 -26.16 566.0 -63.18 -8.95 -6.881
-63.27 -26.16 566.0 -61.98 -38.06 -7.353
-63.27 -26.16 566.0 -61.98 -38.06 -7.153
123.55 5.39 527.7 109.84 19.03 1.450
123.55 5.39 527.7 108.92 34.03 -0.205
123.55 5.39 527.7 108.92 34.03 1.595
123.55 5.39 527.7 74.49 42.64 -1.430
147.36 47.44 402.2 157.13 52.93 -3.083
141.95 24.83 532.5 137.03 35.35 -0.604
141.95 24.83 532.5 109.49 30.27 -2.176
141.95 24.83 532.5 121.19 31.10 0.850
141.95 24.83 532.5 108.92 34.03 0.158
141.95 24.83 532.5 126.63 37.48 0.145
141.95 24.83 532.5 138.21 36.54 0.352
141.95 24.83 532.5 158.65 53.02 -2.970
141.95 24.83 532.5 142.76 46.96 -1.945
167.22 -14.20 195.1 116.17 40.02 2.922
167.22 -14.20 195.1 119.74 49.27 3.222
167.22 -14.20 195.1 102.74 25.12 5.728
167.22 -14.20 195.1 102.74 25.12 5.728
167.22 -14.20 195.1 108.92 34.03 0.107
167.22 -14.20 195.1 108.92 34.03 2.307
132.14 43.03 502.8 138.21 36.54 -0.054
169.21 -18.92 216.1 166.30 -22.10 14.666
169.21 -18.92 216.1 146.25 -20.09 2.666
169.21 -18.92 216.1 159.95 -9.43 5.076
169.21 -18.92 216.1 174.70 -41.31 2.757
131.60 42.83 518.0 144.87 13.59 -7.727
131.60 42.83 518.0 138.21 36.54 1.723
131.60 42.83 518.0 129.59 44.62 -4.899
131.60 42.83 518.0 158.65 53.02 -3.918
131.60 42.83 518.0 121.19 31.10 -3.789
131.60 42.83 518.0 121.19 31.10 -4.589
131.60 42.83 518.0 129.68 62.03 -10.591
117.58 -7.11 522.1 134.36 -19.93 -9.076
117.58 -7.11 522.1 107.05 47.87 -7.532
71.05 36.47 229.9 87.69 43.82 -8.560
-178.23 -25.79 249.4 145.00 -89.93 1.029
-178.23 -25.79 249.4 145.00 -89.93 0.529
-178.23 -25.79 249.4 174.70 -41.31 -0.842
167.84 -15.64 220.4 146.25 -20.09 1.801
-179.35 -17.88 630.4 159.95 -9.43 3.626
70.88 36.54 187.2 78.55 17.42 -8.818
70.88 36.54 187.2 74.49 42.64 -6.597
70.88 36.54 187.2 103.64 51.68 -2.220
70.88 36.54 187.2 158.65 53.02 -11.555
70.88 36.54 187.2 73.69 42.13 -7.637
70.88 36.54 187.2 -150.80 62.53 -6.135
70.88 36.54 187.2 -150.80 62.53 -6.435
144.60 46.63 392.4 -121.40 36.60 2.565
144.60 46.63 392.4 -118.84 37.63 3.291
144.60 46.63 392.4 -119.71 34.44 5.249
144.60 46.63 392.4 29.21 50.69 -8.714
144.60 46.63 392.4 -115.24 40.74 1.956
-179.91 -23.44 538.7 -171.78 -13.91 7.829
-179.91 -23.44 538.7 -171.78 -13.91 7.529
-179.91 -23.44 538.7 174.86 -38.51 0.734
-179.91 -23.44 538.7 159.95 -9.43 3.584
-179.91 -23.44 538.7 170.64 -45.05 3.301
-179.91 -23.44 538.7 -109.33 -27.13 10.683
-179.91 -23.44 538.7 174.70 -41.31 -2.335
-178.47 -17.73 571.2 117.23 -32.93 0.037
-178.66 -17.23 554.8 149.00 -35.32 -0.575
-61.46 -23.32 586.3 -76.84 -11.99 -5.070
-84.67 11.00 195.8 -158.01 21.42 5.017
-84.67 11.00 195.8 -106.46 34.95 -2.038
-84.67 11.00 195.8 -158.01 21.42 5.417
130.00 -6.64 188.5 78.55 17.42 -1.451
130.00 -6.64 188.5 -158.01 21.42 4.509
130.00 -6.64 188.5 -158.01 21.42 4.509
130.00 -6.64 188.5 55.75 -21.16 5.439
130.00 -6.64 188.5 72.45 -7.41 -2.931
130.00 -6.64 188.5 72.45 -7.41 -2.831
70.76 36.59 216.0 -31.38 68.20 -1.242
-175.35 -19.90 207.6 174.70 -41.31 2.087
169.80 -18.75 290.6 146.25 -20.09 -0.828
133.61 43.22 446.5 116.17 40.02 -4.905
133.61 43.22 446.5 109.49 30.27 -5.726
133.61 43.22 446.5 109.84 19.03 -1.577
133.61 43.22 446.5 121.19 31.10 -2.348
133.61 43.22 446.5 -135.32 57.06 0.787
-178.40 -17.69 565.2 140.01 -66.67 -3.622
-178.40 -17.69 565.2 166.30 -22.10 6.294
-178.40 -17.69 565.2 -171.78 -13.91 8.387
-178.40 -17.69 565.2 146.25 -20.09 1.402
-178.40 -17.69 565.2 -159.77 -21.21 14.875
-178.40 -17.69 565.2 174.70 -41.31 1.201
-178.52 -20.94 632.5 146.25 -20.09 -0.511
-174.62 -17.73 241.8 -171.78 -13.91 12.798
-174.62 -17.73 241.8 -109.33 -27.13 6.917
-174.96 -15.40 287.8 174.70 -41.31 1.173
-178.69 52.29 207.9 152.37 62.93 -2.234
-178.69 52.29 207.9 102.74 25.12 -2.618
-178.69 52.29 207.9 87.69 43.82 -3.008
-178.69 52.29 207.9 143.16 42.01 -0.969
-178.69 52.29 207.9 93.91 35.53 0.663
-178.69 52.29 207.9 92.71 34.52 0.494
-178.69 52.29 207.9 94.82 36.20 -1.007
-178.69 52.29 207.9 93.91 35.53 -0.437
-178.69 52.29 207.9 92.71 34.52 -0.506
-178.69 52.29 207.9 91.70 31.02 -1.213
-178.69 52.29 207.9 94.82 36.20 -2.007
-174.93 -17.42 278.3 166.30 -22.10 10.740
-92.67 15.89 164.0 -117.01 33.65 1.768
-92.67 15.89 164.0 -118.17 34.15 0.345
-92.67 15.89 164.0 -119.71 34.44 4.155
-92.67 15.89 164.0 -118.29 34.02 1.428
139.03 29.03 477.0 78.55 17.42 0.339
139.03 29.03 477.0 137.03 35.35 0.311
139.03 29.03 477.0 166.30 -22.10 5.515
139.03 29.03 477.0 109.49 30.27 -0.589
139.03 29.03 477.0 129.59 44.62 -1.701
139.03 29.03 477.0 121.19 31.10 1.835
139.03 29.03 477.0 116.17 40.02 -0.215
139.03 29.03 477.0 119.74 49.27 -0.644
139.03 29.03 477.0 108.92 34.03 -2.696
139.03 29.03 477.0 143.16 42.01 1.567
139.03 29.03 477.0 -147.79 64.90 1.326
139.03 29.03 477.0 144.87 13.59 -7.652
139.03 29.03 477.0 126.63 37.48 -0.666
139.03 29.03 477.0 138.21 36.54 2.129
139.03 29.03 477.0 121.50 24.97 -2.881
139.03 29.03 477.0 142.76 46.96 0.248
-91.58 15.00 179.7 -120.39 38.03 0.646
-91.58 15.00 179.7 -116.67 32.68 0.150
-91.58 15.00 179.7 -118.47 35.66 6.058
-91.58 15.00 179.7 -116.60 33.09 0.893
-91.58 15.00 179.7 -119.07 34.11 2.273
-91.58 15.00 179.7 -119.52 33.25 0.527
-91.58 15.00 179.7 -118.82 34.16 0.172
-91.58 15.00 179.7 -156.24 20.77 3.357
-91.58 15.00 179.7 -58.06 -51.68 1.419
167.29 -14.66 166.1 108.92 34.03 3.027
167.29 -14.66 166.1 98.98 18.79 6.117
-179.43 -21.83 602.3 -149.58 -17.57 8.192
179.86 -23.74 543.3 -171.78 -13.91 4.421
179.86 -23.74 543.3 149.00 -35.32 -0.138
-63.40 -24.95 571.6 -52.64 5.11 -3.351
-63.40 -24.95 571.6 -2.84 -71.67 -6.402
-63.40 -24.95 571.6 -58.06 -51.68 -6.704
-178.40 -17.96 603.2 -149.58 -17.57 11.720
-178.40 -17.96 603.2 -159.77 -21.21 10.334
179.67 -31.13 452.0 -149.58 -17.57 4.059
179.67 -31.13 452.0 178.05 -17.73 8.723
179.67 -31.13 452.0 147.32 -42.91 0.120
179.67 -31.13 452.0 -159.77 -21.21 2.076
128.95 -6.59 289.7 146.25 -20.09 -10.417
-71.29 -8.97 610.5 -70.55 -40.73 -10.314
137.88 31.75 405.4 116.17 40.02 -2.707
137.88 31.75 405.4 144.87 13.59 -3.589
137.88 31.75 405.4 144.87 13.59 -4.589
137.88 31.75 405.4 119.74 49.27 -2.099
137.88 31.75 405.4 150.77 59.58 -3.360
137.88 31.75 405.4 138.21 36.54 1.616
137.88 31.75 405.4 119.73 -21.16 -2.998
137.88 31.75 405.4 119.73 -21.16 -2.398
137.88 31.75 405.4 129.59 44.62 -1.872
137.88 31.75 405.4 129.59 44.62 -1.972
137.88 31.75 405.4 158.65 53.02 -2.911
137.88 31.75 405.4 121.19 31.10 -4.548
137.88 31.75 405.4 107.05 47.87 -1.463
137.88 31.75 405.4 108.92 34.03 -5.556
137.88 31.75 405.4 108.92 34.03 -1.356
-178.87 -17.62 546.6 149.00 -35.32 3.190
-178.87 -17.62 546.6 140.01 -66.67 -4.688
-178.87 -17.62 546.6 166.30 -22.10 7.727
-178.87 -17.62 546.6 -149.58 -17.57 12.893
-178.87 -17.62 546.6 -171.78 -13.91 10.834
-178.87 -17.62 546.6 146.25 -20.09 4.479
-178.87 -17.62 546.6 159.95 -9.43 1.914
-178.87 -17.62 546.6 -159.77 -21.21 11.480
-179.52 -21.96 601.4 149.00 -35.32 1.569
-179.52 -21.96 601.4 166.30 -22.10 6.663
-179.52 -21.96 601.4 159.95 -9.43 2.158
-179.52 -21.96 601.4 174.70 -41.31 -2.680
137.72 32.31 370.6 -62.35 82.50 -0.834
137.72 32.31 370.6 -62.35 82.50 -1.134
137.72 32.31 370.6 27.01 69.76 -3.937
137.72 32.31 370.6 27.01 69.76 -4.337
137.72 32.31 370.6 -114.62 62.56 -0.961
70.75 36.51 215.7 55.75 -21.16 -0.262
70.75 36.51 215.7 58.12 37.93 -5.109
70.75 36.51 215.7 -62.35 82.50 -5.494
70.75 36.51 215.7 -62.35 82.50 -5.494
139.74 28.30 455.1 138.21 36.54 1.382
-74.39 -8.00 142.6 -119.52 33.25 -4.895
-74.39 -8.00 142.6 -76.84 -11.99 -2.846
-74.39 -8.00 142.6 -118.64 42.43 0.679
-74.39 -8.00 142.6 -62.18 -63.25 -3.798
-74.39 -8.00 142.6 -108.54 40.70 -7.406
-74.39 -8.00 142.6 -108.44 40.53 -7.106
-74.39 -8.00 142.6 -108.19 40.48 -6.533
-74.39 -8.00 142.6 -108.82 41.08 -8.101
-74.39 -8.00 142.6 -108.73 41.17 -8.019
-74.39 -8.00 142.6 -108.38 40.65 -7.422
-74.39 -8.00 142.6 -108.74 40.41 -7.261
167.86 -16.07 176.9 116.17 40.02 2.684
167.86 -16.07 176.9 149.00 -35.32 3.742
167.86 -16.07 176.9 102.74 25.12 4.636
167.86 -16.07 176.9 102.74 25.12 4.636
167.86 -16.07 176.9 166.30 -22.10 7.114
167.86 -16.07 176.9 147.15 -9.41 6.432
167.86 -16.07 176.9 147.15 -9.41 6.432
167.86 -16.07 176.9 121.50 24.97 1.883
71.06 36.63 175.0 5.53 22.79 -2.378
71.06 36.63 175.0 33.33 34.96 -9.987
71.06 36.63 175.0 30.51 37.84 -2.168
71.06 36.63 175.0 -174.20 52.20 -4.176
71.06 36.63 175.0 -148.93 63.73 -5.425
71.06 36.63 175.0 -150.29 63.45 -4.990
169.17 -19.55 158.6 -109.33 -27.13 8.750
130.45 43.53 570.4 -158.01 21.42 6.152
130.45 43.53 570.4 109.84 19.03 2.084
130.45 43.53 570.4 37.77 54.96 -6.766
130.45 43.53 570.4 116.17 40.02 -8.004
130.45 43.53 570.4 109.49 30.27 -6.027
130.45 43.53 570.4 119.74 49.27 -4.020
130.45 43.53 570.4 102.74 25.12 -3.647
130.45 43.53 570.4 108.92 34.03 -8.515
167.18 -13.14 219.4 166.30 -22.10 8.525
-178.00 -19.90 599.9 149.00 -35.32 0.963
-178.00 -19.90 599.9 119.73 -21.16 -3.448
-178.00 -19.90 599.9 174.70 -41.31 -0.692
-178.11 -27.76 185.9 149.00 -35.32 -1.538
-176.01 -21.37 166.4 166.30 -22.10 10.564
-176.01 -21.37 166.4 143.16 42.01 6.653
-176.01 -21.37 166.4 174.70 -41.31 0.916
-176.01 -21.37 166.4 -134.99 -80.00 2.614
-176.01 -21.37 166.4 -134.99 -80.00 1.414
-179.71 -23.70 503.3 -171.78 -13.91 7.405
-179.71 -23.70 503.3 146.25 -20.09 4.676
-179.71 -23.70 503.3 -159.77 -21.21 8.546
138.70 30.33 425.7 116.17 40.02 -1.945
138.70 30.33 425.7 144.87 13.59 -3.626
138.70 30.33 425.7 119.74 49.27 -2.235
138.70 30.33 425.7 150.77 59.58 -2.466
138.70 30.33 425.7 138.21 36.54 1.662
138.70 30.33 425.7 129.59 44.62 -1.497
138.70 30.33 425.7 129.59 44.62 -2.397
138.70 30.33 425.7 158.65 53.02 -0.395
138.70 30.33 425.7 121.19 31.10 -0.390
-178.71 -20.92 598.6 146.25 -20.09 4.155
-178.71 -20.92 598.6 -171.78 -13.91 8.209
-178.73 -17.56 581.4 -149.58 -17.57 11.610
-178.73 -17.56 581.4 146.25 -20.09 0.473
-178.73 -17.56 581.4 174.70 -41.31 -2.756
-176.15 -20.55 218.1 174.70 -41.31 1.322
139.09 29.71 416.9 116.17 40.02 -0.954
139.09 29.71 416.9 -147.85 64.87 -2.880
139.09 29.71 416.9 109.49 30.27 1.340
139.09 29.71 416.9 137.03 35.35 0.206
139.09 29.71 416.9 138.21 36.54 1.167
139.09 29.71 416.9 129.59 44.62 -2.024
139.09 29.71 416.9 129.59 44.62 -2.124
139.09 29.71 416.9 121.19 31.10 1.632
139.09 29.71 416.9 121.50 24.97 1.285
139.09 29.71 416.9 129.68 62.03 -6.980
148.79 49.97 589.6 -53.53 69.25 -6.444
-62.91 -28.38 611.6 -99.18 19.33 -2.026
-62.91 -28.38 611.6 -48.01 -15.64 -5.241
-62.91 -28.38 611.6 -70.55 -40.73 -7.155
-62.91 -28.38 611.6 -58.06 -51.68 -7.842
-62.91 -28.38 611.6 -36.49 -54.28 -8.178
-62.91 -28.38 611.6 -81.43 28.11 -5.330
-62.91 -28.38 611.6 -83.47 33.41 -8.886
-62.90 -28.37 613.1 -48.01 -15.64 -5.546
-62.90 -28.37 613.1 -70.55 -40.73 -7.409
-62.90 -28.37 613.1 -58.06 -51.68 -8.356
-62.90 -28.37 613.1 -81.43 28.11 -4.252
179.92 -17.65 606.4 -149.58 -17.57 9.010
179.92 -17.65 606.4 146.25 -20.09 3.730
-177.23 -17.04 415.9 -171.78 -13.91 7.305
-77.86 -1.73 157.5 -121.40 36.60 1.409
-77.86 -1.73 157.5 -120.39 38.03 0.526
-77.86 -1.73 157.5 -84.95 10.29 2.820
-176.95 -17.91 363.8 166.30 -22.10 8.972
-176.95 -17.91 363.8 -149.58 -17.57 10.368
-176.95 -17.91 363.8 159.95 -9.43 10.049
-176.95 -17.91 363.8 -159.77 -21.21 8.874
-176.95 -17.91 363.8 174.70 -41.31 1.014
-176.95 -17.91 363.8 -157.45 2.04 10.930
-177.68 -18.84 407.9 146.25 -20.09 -1.627
-63.28 -28.43 567.2 -48.01 -15.64 -3.741
-63.28 -28.43 567.2 -68.08 -16.17 -4.150
-63.28 -28.43 567.2 -76.84 -11.99 -3.168
-178.54 -17.66 589.5 146.25 -20.09 3.266
-156.86 58.58 219.7 -121.81 46.75 -7.339
-156.86 58.58 219.7 -123.30 44.59 -5.388
155.20 -4.45 507.1 166.30 -22.10 3.494
155.20 -4.45 507.1 -149.58 -17.57 13.261
155.20 -4.45 507.1 147.15 -9.41 2.224
155.20 -4.45 507.1 178.05 -17.73 6.841
155.20 -4.45 507.1 146.25 -20.09 4.020
155.20 -4.45 507.1 159.95 -9.43 3.150
155.20 -4.45 507.1 147.15 -9.41 2.224
139.77 28.11 453.7 137.03 35.35 -0.163
139.77 28.11 453.7 103.84 36.09 3.344
139.77 28.11 453.7 143.16 42.01 1.710
139.77 28.11 453.7 138.21 36.54 2.283
-178.22 -17.74 530.5 151.08 -8.51 2.569
168.25 -16.97 219.1 149.00 -35.32 4.948
168.25 -16.97 219.1 166.30 -22.10 6.457
168.25 -16.97 219.1 -171.78 -13.91 7.144
168.25 -16.97 219.1 146.25 -20.09 0.762
70.60 36.39 204.6 -4.05 39.88 -6.920
70.60 36.39 204.6 18.54 4.43 -6.518
-179.20 -19.29 689.7 119.73 -21.16 -6.097
139.24 46.69 438.5 144.87 13.59 -9.135
-179.82 -23.46 552.6 146.25 -20.09 -0.287
-179.82 -23.46 552.6 -171.78 -13.91 3.695
-179.82 -23.46 552.6 147.32 -42.91 -0.494
-63.03 -28.59 602.7 -99.18 19.33 -2.279
-63.03 -28.59 602.7 -68.08 -16.17 -4.164
-63.03 -28.59 602.7 -76.84 -11.99 -4.806
125.11 26.63 200.5 138.21 36.54 -2.691
130.80 41.74 583.2 138.21 36.54 2.584
130.80 41.74 583.2 36.57 55.11 -7.867
-66.58 -23.71 209.7 -70.68 -33.15 -5.495
-66.58 -23.71 209.7 -48.01 -15.64 -2.117
-66.58 -23.71 209.7 -70.55 -40.73 -1.800
-66.58 -23.71 209.7 -58.06 -51.68 -5.440
-66.58 -23.71 209.7 -110.78 32.31 3.484
-66.58 -23.71 209.7 -88.08 34.98 -3.976
-66.58 -23.71 209.7 -99.74 38.81 0.216
141.87 48.87 611.7 138.21 36.54 1.703
70.91 36.50 182.8 78.55 17.42 -8.133
70.91 36.50 182.8 5.53 22.79 -2.160
70.91 36.50 182.8 74.49 42.64 -5.991
70.91 36.50 182.8 158.65 53.02 -10.260
70.91 36.50 182.8 17.58 -19.20 -0.781
70.91 36.50 182.8 26.28 -26.87 -4.538
70.91 36.50 182.8 25.08 -25.93 -5.350
70.91 36.50 182.8 26.16 -24.88 -4.712
70.91 36.50 182.8 28.30 -22.98 -7.030
70.91 36.50 182.8 24.96 -23.85 -5.281
70.91 36.50 182.8 26.08 -23.66 -5.589
70.91 36.50 182.8 26.20 -22.97 -6.797
70.91 36.50 182.8 26.37 -21.90 -7.127
-179.05 -31.33 157.5 159.95 -9.43 5.549
-179.05 -31.33 157.5 173.54 -42.42 -4.313
-179.05 -31.33 157.5 116.21 6.04 7.506
-179.05 -31.33 157.5 110.31 1.47 9.374
-179.05 -31.33 157.5 118.50 5.18 12.187
-179.05 -31.33 157.5 112.21 2.45 10.592
169.22 -19.29 160.4 -109.33 -27.13 9.609
-179.45 -22.12 602.6 -149.58 -17.57 9.100
-179.45 -22.12 602.6 166.76 -77.85 2.182
-179.45 -22.12 602.6 161.85 -77.52 1.921
-179.45 -22.12 602.6 -171.78 -13.91 7.383
-179.45 -22.12 602.6 -159.77 -21.21 5.873
-179.45 -22.12 602.6 -157.45 2.04 8.091
147.61 49.05 550.6 138.21 36.54 -0.616
147.61 49.05 550.6 -121.81 46.75 -0.433
122.45 19.93 184.4 121.19 31.10 0.996
122.45 19.93 184.4 108.92 34.03 0.594
122.45 19.93 184.4 144.87 13.59 -5.422
175.43 -38.49 273.6 149.00 -35.32 -5.013
178.87 -24.28 564.9 149.00 -35.32 -0.033
178.87 -24.28 564.9 146.25 -20.09 2.243
178.87 -24.28 564.9 -149.58 -17.57 7.532
178.87 -24.28 564.9 174.70 -41.31 -3.479
158.67 54.27 196.0 8.33 48.33 -0.942
158.67 54.27 196.0 11.22 49.69 0.091
158.67 54.27 196.0 -71.56 42.51 -5.551
158.67 54.27 196.0 126.62 37.48 -1.734
158.67 54.27 196.0 126.62 37.48 -1.334
158.67 54.27 196.0 -103.67 29.33 -0.117
158.67 54.27 196.0 138.21 36.54 0.259
158.67 54.27 196.0 138.21 36.54 0.159
158.67 54.27 196.0 9.19 48.77 -1.187
158.67 54.27 196.0 142.76 46.96 -1.770
123.81 8.25 628.0 137.03 35.35 0.443
123.81 8.25 628.0 121.19 31.10 -0.591
123.81 8.25 628.0 144.87 13.59 -2.019
123.81 8.25 628.0 126.63 37.48 -1.693
123.81 8.25 628.0 138.21 36.54 1.003
-66.73 -23.47 225.1 -47.90 -15.66 -5.640
-67.07 -24.45 177.4 -118.03 34.33 -0.039
-67.07 -24.45 177.4 -115.66 34.78 -0.761
-67.07 -24.45 177.4 -116.81 35.30 -1.099
-67.07 -24.45 177.4 -68.91 -22.61 -2.050
-67.07 -24.45 177.4 -76.84 -11.99 -3.410
-67.07 -24.45 177.4 -76.84 -11.99 -3.910
-67.07 -24.45 177.4 -118.19 34.17 0.460
-67.07 -24.45 177.4 -118.19 34.17 0.360
-67.07 -24.45 177.4 -116.46 33.61 1.065
-67.07 -24.45 177.4 -113.86 37.58 0.473
-67.07 -24.45 177.4 -47.43 -23.59 -0.640
-67.07 -24.45 177.4 -114.71 36.73 -0.597
-67.07 -24.45 177.4 -61.98 -38.06 -2.602
-67.07 -24.45 177.4 -61.98 -38.06 -2.802
-67.07 -24.45 177.4 -112.29 36.43 0.781
-67.07 -24.45 177.4 -111.53 35.10 0.125
-67.07 -24.45 177.4 -110.03 33.78 -1.407
-180.09 -32.07 339.7 166.30 -22.10 8.024
-180.09 -32.07 339.7 -159.77 -21.21 -0.640
-177.79 -20.24 404.8 149.00 -35.32 3.753
-177.79 -20.24 404.8 166.30 -22.10 10.621
-177.79 -20.24 404.8 -149.58 -17.57 9.212
-177.79 -20.24 404.8 146.25 -20.09 7.440
-177.79 -20.24 404.8 -159.77 -21.21 7.496
123.84 6.75 577.5 137.03 35.35 -2.382
178.83 -20.06 565.7 146.25 -20.09 -1.292
-67.16 -24.29 182.9 -115.45 33.66 2.916
-67.16 -24.29 182.9 -116.00 34.00 3.322
-67.16 -24.29 182.9 -117.66 34.24 3.152
-67.16 -24.29 182.9 -118.03 34.33 2.833
-67.16 -24.29 182.9 -117.01 33.65 4.251
-67.16 -24.29 182.9 -118.29 33.71 3.014
-67.16 -24.29 182.9 -116.81 35.30 2.364
-67.16 -24.29 182.9 -118.17 34.15 3.333
-67.16 -24.29 182.9 -116.86 33.35 4.301
-67.16 -24.29 182.9 -118.40 33.74 2.439
-178.64 -20.71 582.4 -171.78 -13.91 7.620
-178.64 -20.71 582.4 149.00 -35.32 0.961
-178.64 -20.71 582.4 173.54 -42.42 -1.408
-178.64 -20.71 582.4 173.60 -35.22 4.403
-178.64 -20.71 582.4 174.70 -41.31 -2.631
-178.36 -29.34 193.5 166.30 -22.10 8.098
-178.36 -29.34 193.5 -149.58 -17.57 7.015
-178.36 -29.34 193.5 159.95 -9.43 5.244
-178.36 -29.34 193.5 158.32 6.84 18.526
139.90 27.60 494.9 116.17 40.02 -0.743
139.90 27.60 494.9 109.49 30.27 -0.728
139.90 27.60 494.9 144.87 13.59 -6.001
139.90 27.60 494.9 119.74 49.27 0.269
139.90 27.60 494.9 102.74 25.12 -0.075
139.90 27.60 494.9 138.21 36.54 2.132
139.90 27.60 494.9 129.59 44.62 -0.659
139.90 27.60 494.9 129.59 44.62 -1.359
139.90 27.60 494.9 121.19 31.10 -0.151
139.90 27.60 494.9 121.50 24.97 -1.735
139.90 27.60 494.9 107.05 47.87 0.137
139.90 27.60 494.9 108.92 34.03 0.200
-178.74 -18.68 500.5 146.25 -20.09 5.695
137.89 30.53 483.7 129.59 44.62 -4.658
137.87 30.47 487.1 116.17 40.02 -2.042
137.87 30.47 487.1 109.49 30.27 -3.437
137.87 30.47 487.1 109.49 30.27 -3.337
137.87 30.47 487.1 121.19 31.10 2.721
137.87 30.47 487.1 121.19 31.10 2.621
137.87 30.47 487.1 108.92 34.03 -4.304
137.87 30.47 487.1 150.77 59.58 -1.640
-67.22 -13.81 643.4 -74.04 4.59 -0.435
146.14 17.47 159.5 137.03 35.35 -0.617
146.14 17.47 159.5 87.69 43.82 -6.380
160.47 55.49 181.0 -116.43 33.52 1.328
160.47 55.49 181.0 -115.45 33.66 2.563
160.47 55.49 181.0 -116.00 34.00 3.873
160.47 55.49 181.0 -115.38 34.64 4.592
160.47 55.49 181.0 -114.83 33.05 5.426
160.47 55.49 181.0 -115.15 34.16 2.680
160.47 55.49 181.0 -118.47 35.66 2.744
160.47 55.49 181.0 -116.60 33.09 0.720
160.47 55.49 181.0 -118.72 34.61 3.877
160.47 55.49 181.0 -118.17 34.15 1.949
160.47 55.49 181.0 -118.40 33.74 0.981
160.47 55.49 181.0 16.41 50.36 3.241
160.47 55.49 181.0 -6.38 53.25 1.975
160.47 55.49 181.0 7.76 52.31 2.257
160.47 55.49 181.0 17.54 49.78 2.773
160.47 55.49 181.0 9.19 48.77 2.172
160.47 55.49 181.0 28.41 44.46 2.910
160.47 55.49 181.0 6.15 49.66 3.087
160.47 55.49 181.0 129.59 44.62 0.393
160.47 55.49 181.0 129.59 44.62 0.293
160.47 55.49 181.0 8.33 48.33 2.414
160.47 55.49 181.0 -21.33 64.75 8.704
160.47 55.49 181.0 16.41 50.36 3.241
160.47 55.49 181.0 10.26 46.62 3.868
160.47 55.49 181.0 5.93 50.76 1.573
167.14 -13.52 192.2 140.01 -66.67 -0.546
-179.21 -20.61 662.4 149.00 -35.32 3.741
-179.21 -20.61 662.4 174.70 -41.31 -0.915
154.90 -6.02 184.1 149.00 -35.32 -0.946
154.90 -6.02 184.1 166.30 -22.10 5.461
154.90 -6.02 184.1 167.61 8.80 5.080
154.90 -6.02 184.1 134.36 -19.93 -2.226
154.90 -6.02 184.1 166.45 68.07 1.045
154.90 -6.02 184.1 146.25 -20.09 1.227
178.26 -25.46 612.2 149.00 -35.32 2.830
178.26 -25.46 612.2 -149.58 -17.57 8.941
178.26 -25.46 612.2 147.32 -42.91 2.187
178.26 -25.46 612.2 110.54 -66.28 -2.990
178.26 -25.46 612.2 -159.77 -21.21 6.854
145.53 -5.02 220.5 -158.01 21.42 2.811
145.53 -5.02 220.5 146.25 -20.09 0.133
145.53 -5.02 220.5 144.87 13.59 -5.181
145.53 -5.02 220.5 -158.01 21.42 3.211
102.52 -2.31 214.5 102.74 25.12 -6.268
102.52 -2.31 214.5 102.74 25.12 -5.368
102.52 -2.31 214.5 119.73 -21.16 -5.342
102.52 -2.31 214.5 45.50 23.52 -3.535
160.31 55.36 176.5 7.16 48.22 1.490
160.31 55.36 176.5 137.03 35.35 0.626
160.31 55.36 176.5 -116.60 33.49 -1.555
160.31 55.36 176.5 -116.56 33.35 -1.420
160.31 55.36 176.5 -116.46 33.61 -1.228
160.31 55.36 176.5 -116.35 33.17 0.081
160.31 55.36 176.5 -115.38 34.64 2.098
160.31 55.36 176.5 -118.46 34.11 -0.996
160.31 55.36 176.5 -118.47 35.66 1.212
160.31 55.36 176.5 -116.60 33.09 -0.227
160.31 55.36 176.5 -118.72 34.61 0.020
160.31 55.36 176.5 -118.17 34.15 -0.606
160.31 55.36 176.5 -116.86 33.35 -1.139
160.31 55.36 176.5 -118.40 33.74 -0.587
160.31 55.36 176.5 -117.66 33.55 -0.864
160.31 55.36 176.5 37.77 54.96 -5.794
160.31 55.36 176.5 25.95 45.49 3.873
160.31 55.36 176.5 17.54 49.78 3.668
160.31 55.36 176.5 30.32 59.77 -6.488
160.31 55.36 176.5 26.73 58.46 -1.881
160.31 55.36 176.5 6.15 49.66 2.313
160.31 55.36 176.5 119.74 49.27 -4.554
160.31 55.36 176.5 129.59 44.62 -1.049
160.31 55.36 176.5 129.59 44.62 -1.149
160.31 55.36 176.5 5.93 50.76 0.792
-179.00 -21.60 562.7 146.25 -20.09 1.757
138.11 31.87 366.0 137.03 35.35 -2.154
123.01 -7.37 591.7 110.54 -66.28 -6.859
123.01 -7.37 591.7 125.58 7.07 -6.704
-68.11 -22.96 139.0 -80.42 37.21 -4.390
-68.11 -22.96 139.0 -109.56 42.77 -1.345
-68.11 -22.96 139.0 -118.46 34.11 2.759
-68.11 -22.96 139.0 -116.81 35.30 2.194
-68.11 -22.96 139.0 -118.72 34.61 2.382
-68.11 -22.96 139.0 -118.17 34.15 3.056
-68.11 -22.96 139.0 -90.29 -0.67 1.836
-68.11 -22.96 139.0 -116.46 33.61 2.055
-68.11 -22.96 139.0 -104.04 44.12 -0.904
-68.11 -22.96 139.0 -117.28 35.89 1.865
-68.11 -22.96 139.0 -119.52 33.25 2.873
-68.11 -22.96 139.0 -61.98 -38.06 -3.673
-68.11 -22.96 139.0 -61.98 -38.06 -3.373
166.37 -10.88 150.3 98.98 18.79 -0.209
166.37 -10.88 150.3 146.25 -20.09 4.496
139.84 27.73 481.4 137.03 35.35 1.123
139.84 27.73 481.4 129.59 44.62 0.431
139.84 27.73 481.4 116.17 40.02 2.000
139.84 27.73 481.4 116.17 40.02 2.000
139.84 27.73 481.4 102.74 25.12 2.313
139.84 27.73 481.4 143.16 42.01 2.332
139.84 27.73 481.4 125.58 7.07 -1.197
139.84 27.73 481.4 144.87 13.59 -5.522
139.84 27.73 481.4 138.21 36.54 2.437
139.84 27.73 481.4 158.65 53.02 -3.269
139.84 27.73 481.4 107.05 47.87 2.294
-178.20 -19.65 591.5 -171.78 -13.91 8.054
-178.20 -19.65 591.5 -171.78 -13.91 8.354
-178.20 -19.65 591.5 159.95 -9.43 4.774
-178.20 -19.65 591.5 170.64 -45.05 0.053
130.53 43.69 573.6 137.03 35.35 1.633
-175.84 -19.94 221.0 117.23 -32.93 2.059
-66.40 -19.70 271.8 -70.68 -33.15 -8.400
-66.40 -19.70 271.8 -47.43 -23.59 -4.029
-66.40 -19.70 271.8 -68.91 -22.62 -2.272
-66.40 -19.70 271.8 -48.01 -15.64 -5.630
-66.40 -19.70 271.8 -70.55 -40.73 -4.401
-66.40 -19.70 271.8 -76.84 -11.99 -3.529
-66.40 -19.70 271.8 -91.24 38.06 -9.513
-66.40 -19.70 271.8 -71.56 42.51 -6.511
-66.40 -19.70 271.8 -68.91 -22.61 -2.271
-66.40 -19.70 271.8 -70.63 8.88 -5.860
-66.40 -19.70 271.8 -77.89 40.64 -8.095
-66.40 -19.70 271.8 -61.98 -38.06 -5.453
122.60 4.58 602.3 109.49 30.27 -4.728
122.60 4.58 602.3 102.74 25.12 -0.913
122.60 4.58 602.3 102.74 25.12 -0.913
122.60 4.58 602.3 119.73 -21.16 -10.367
122.60 4.58 602.3 119.73 -21.16 -11.267
122.60 4.58 602.3 121.50 24.97 -4.346
122.60 4.58 602.3 108.92 34.03 -8.633
122.60 4.58 602.3 108.92 34.03 -8.733
122.60 4.58 602.3 129.68 62.03 -8.961
154.79 -6.01 207.0 146.25 -20.09 3.243
143.17 21.66 305.6 138.21 36.54 1.812
143.17 21.66 305.6 142.76 46.96 -0.932
140.66 26.31 432.3 -158.01 21.42 7.999
140.66 26.31 432.3 116.17 40.02 -2.543
140.66 26.31 432.3 109.49 30.27 -4.193
140.66 26.31 432.3 108.92 34.03 -4.766
140.66 26.31 432.3 108.92 34.03 -4.366
140.66 26.31 432.3 -158.01 21.42 0.699
140.66 26.31 432.3 -158.01 21.42 0.699
-176.41 -21.64 180.0 149.00 -35.32 3.805
-176.41 -21.64 180.0 166.30 -22.10 10.279
-176.41 -21.64 180.0 -149.58 -17.57 11.977
-176.41 -21.64 180.0 110.54 -66.28 -1.832
-176.41 -21.64 180.0 138.21 36.54 8.116
-176.41 -21.64 180.0 117.23 -32.93 0.809
-176.41 -21.64 180.0 -159.77 -21.21 8.783
-176.41 -21.64 180.0 174.70 -41.31 0.437
-176.41 -21.64 180.0 -134.99 -80.00 3.746
143.07 22.11 250.8 129.59 44.62 -3.164
143.07 22.11 250.8 147.32 -42.91 4.263
143.07 22.11 250.8 138.21 36.54 1.766
-177.53 -19.64 414.0 149.00 -35.32 3.129
-177.53 -19.64 414.0 166.30 -22.10 6.901
-177.53 -19.64 414.0 174.70 -41.31 -2.064
-152.84 60.23 147.4 -6.38 53.25 -3.179
-152.84 60.23 147.4 26.72 58.38 -5.716
-152.84 60.23 147.4 -62.35 82.50 -6.215
-152.84 60.23 147.4 -25.52 37.76 0.298
145.45 46.85 359.5 150.77 59.58 -4.631
145.45 46.85 359.5 138.21 36.54 -2.182
145.45 46.85 359.5 129.59 44.62 -5.493
145.45 46.85 359.5 158.65 53.02 -6.779
145.45 46.85 359.5 121.19 31.10 -4.853
-74.40 -7.93 145.6 -114.58 32.54 -4.604
-74.40 -7.93 145.6 -116.67 32.68 -5.321
-74.40 -7.93 145.6 -116.92 34.26 -2.711
-74.40 -7.93 145.6 -117.66 34.24 -2.311
-74.40 -7.93 145.6 -89.14 46.10 -9.308
-74.40 -7.93 145.6 -112.52 47.04 -5.252
-74.40 -7.93 145.6 -117.01 33.65 -4.515
-74.40 -7.93 145.6 -113.49 46.42 -4.901
-74.40 -7.93 145.6 -96.61 43.73 -8.006
-74.40 -7.93 145.6 -96.61 43.73 -8.806
-74.40 -7.93 145.6 -91.50 47.95 -10.314
-74.40 -7.93 145.6 -91.50 47.95 -10.314
-74.40 -7.93 145.6 -116.86 36.47 -4.067
-74.40 -7.93 145.6 -115.66 34.78 -4.858
-74.40 -7.93 145.6 -116.77 43.43 -4.150
-74.40 -7.93 145.6 -114.17 43.40 -3.792
-74.40 -7.93 145.6 -120.89 42.73 -5.359
-74.40 -7.93 145.6 -68.91 -22.61 -2.476
-74.40 -7.93 145.6 -114.17 41.36 -6.101
-74.40 -7.93 145.6 -113.35 41.50 -6.293
-74.40 -7.93 145.6 -117.49 36.06 -5.100
-74.40 -7.93 145.6 -117.20 33.60 -4.448
-74.40 -7.93 145.6 -115.04 40.85 -5.445
-74.40 -7.93 145.6 -113.19 40.85 -6.082
-74.40 -7.93 145.6 -76.84 -11.99 -7.210
-74.40 -7.93 145.6 -76.84 -11.99 -6.410
-74.40 -7.93 145.6 -114.75 40.27 -4.660
-74.40 -7.93 145.6 -113.98 40.13 -4.628
-74.40 -7.93 145.6 -114.91 39.47 -5.129
-74.40 -7.93 145.6 -112.28 39.57 -4.001
-74.40 -7.93 145.6 -111.66 39.61 -6.204
-74.40 -7.93 145.6 -90.29 -0.67 -1.439
-74.40 -7.93 145.6 -116.46 33.61 -4.639
-74.40 -7.93 145.6 -116.86 33.35 -4.265
-74.40 -7.93 145.6 -115.65 38.85 -5.418
-74.40 -7.93 145.6 -114.83 39.04 -5.162
-74.40 -7.93 145.6 -112.38 39.00 -5.328
-74.40 -7.93 145.6 -115.59 38.35 -5.252
-74.40 -7.93 145.6 -113.97 38.18 -4.778
-74.40 -7.93 145.6 -112.28 38.21 -4.568
-74.40 -7.93 145.6 -116.85 33.63 -3.150
-74.40 -7.93 145.6 -118.17 37.50 -5.063
-74.40 -7.93 145.6 -116.59 37.92 -4.861
-74.40 -7.93 145.6 -113.86 37.58 -5.011
-74.40 -7.93 145.6 -113.17 37.76 -3.250
-74.40 -7.93 145.6 -112.36 37.68 -3.099
-74.40 -7.93 145.6 -116.28 35.90 -4.570
-74.40 -7.93 145.6 -113.08 37.06 -4.176
-74.40 -7.93 145.6 -112.38 37.02 -4.923
-74.40 -7.93 145.6 -111.51 36.98 -5.367
-74.40 -7.93 145.6 -114.54 36.43 -6.974
-74.40 -7.93 145.6 -113.97 36.42 -3.649
-74.40 -7.93 145.6 -113.18 36.42 -6.293
-74.40 -7.93 145.6 -110.66 36.60 -5.222
-74.40 -7.93 145.6 -109.87 36.42 -5.200
-74.40 -7.93 145.6 -115.43 35.84 -4.532
-74.40 -7.93 145.6 -114.85 35.73 -5.939
-74.40 -7.93 145.6 -113.98 35.85 -3.830
-74.40 -7.93 145.6 -113.11 35.63 -4.564
-74.40 -7.93 145.6 -112.17 35.82 -4.492
-74.40 -7.93 145.6 -109.93 35.71 -4.542
-74.40 -7.93 145.6 -114.87 35.30 -6.393
-74.40 -7.93 145.6 -113.08 35.21 -4.633
-74.40 -7.93 145.6 -111.53 35.10 -3.989
-74.40 -7.93 145.6 -110.71 35.08 -3.720
-74.40 -7.93 145.6 -111.37 35.52 -4.107
-74.40 -7.93 145.6 -113.83 34.59 -6.306
-74.40 -7.93 145.6 -112.24 34.49 -4.098
-74.40 -7.93 145.6 -111.44 34.42 -3.918
-74.40 -7.93 145.6 -114.52 33.75 -6.157
-74.40 -7.93 145.6 -113.83 33.81 -5.590
-74.40 -7.93 145.6 -112.33 33.95 -4.746
-74.40 -7.93 145.6 -110.84 33.70 -4.792
-74.40 -7.93 145.6 -112.95 33.36 -5.307
70.59 36.50 210.0 42.69 43.96 -11.185
127.86 -7.57 179.1 51.86 -46.43 2.726
127.86 -7.57 179.1 -176.68 51.88 -2.453
127.86 -7.57 179.1 -171.78 -13.91 7.471
71.22 36.59 219.4 87.69 43.82 -11.489
71.22 36.59 219.4 74.49 42.64 -8.916
71.22 36.59 219.4 70.32 39.00 -10.503
125.48 -4.70 480.5 146.25 -20.09 -3.494
-178.61 -17.72 573.1 -149.58 -17.57 12.343
146.01 18.81 186.5 137.03 35.35 0.272
146.01 18.81 186.5 129.59 44.62 -4.347
146.01 18.81 186.5 121.19 31.10 2.193
146.01 18.81 186.5 147.15 -9.41 -2.449
146.01 18.81 186.5 58.56 56.43 -4.198
146.01 18.81 186.5 138.21 36.54 0.675
146.01 18.81 186.5 147.15 -9.41 -2.449
146.01 18.81 186.5 142.76 46.96 -1.120
-178.48 -19.65 600.6 149.00 -35.32 1.845
135.10 36.79 368.8 109.49 30.27 -9.155
135.10 36.79 368.8 119.74 49.27 -7.775
135.10 36.79 368.8 150.77 59.58 -6.298
135.10 36.79 368.8 129.59 44.62 -3.943
135.10 36.79 368.8 129.59 44.62 -3.843
135.10 36.79 368.8 158.65 53.02 -5.255
135.10 36.79 368.8 121.19 31.10 -3.221
135.10 36.79 368.8 121.19 31.10 -2.421
135.10 36.79 368.8 129.68 62.03 -10.265
135.10 36.79 368.8 121.37 24.67 -1.355
135.10 36.79 368.8 142.76 46.96 -1.404
-178.38 -19.94 595.4 149.00 -35.32 2.624
-178.38 -19.94 595.4 146.25 -20.09 2.146
-174.43 -16.95 226.6 174.70 -41.31 2.273
151.18 47.07 153.6 138.21 36.54 -0.250
151.18 47.07 153.6 121.19 31.10 0.378
151.18 47.07 153.6 -106.46 34.95 1.089
-66.13 -22.94 255.3 -48.01 -15.64 -3.640
-66.13 -22.94 255.3 -68.08 -16.17 -3.535
-66.13 -22.94 255.3 -70.55 -40.73 -0.730
-66.13 -22.94 255.3 -59.97 -0.73 -3.776
-71.39 -8.12 627.1 -111.46 32.00 -10.605
-71.39 -8.12 627.1 -120.39 38.03 5.184
-71.39 -8.12 627.1 -96.61 43.73 -13.689
-71.39 -8.12 627.1 -96.61 43.73 -13.389
-71.39 -8.12 627.1 -91.50 47.95 -11.259
-71.39 -8.12 627.1 -91.50 47.95 -11.559
-71.39 -8.12 627.1 -61.14 14.73 -6.158
-71.39 -8.12 627.1 -68.91 -22.61 -6.689
-71.39 -8.12 627.1 -68.91 -22.61 -6.589
-71.39 -8.12 627.1 -78.45 0.24 -4.921
-71.39 -8.12 627.1 -90.29 -0.67 -3.575
-71.39 -8.12 627.1 -70.63 8.88 -7.114
-71.39 -8.12 627.1 -110.84 33.70 -8.709
-71.39 -8.12 627.1 -110.03 33.78 -9.158
-65.70 -22.53 275.5 -99.80 30.48 -6.314
-65.70 -22.53 275.5 -110.47 33.30 -3.034
132.97 42.28 486.4 36.57 55.11 -6.991
132.97 42.28 486.4 144.87 13.59 -4.605
132.97 42.28 486.4 159.95 -9.43 1.102
132.97 42.28 486.4 150.77 59.58 -1.371
132.97 42.28 486.4 138.21 36.54 1.217
132.97 42.28 486.4 121.50 24.97 -2.286
132.97 42.28 486.4 129.68 62.03 -7.612
132.97 42.28 486.4 142.76 46.96 -5.027
-179.83 -23.48 553.4 149.00 -35.32 -0.365
-178.44 -17.90 594.1 146.25 -20.09 6.431
150.05 -4.47 555.8 147.15 -9.41 -0.869
104.21 -2.75 593.3 102.74 25.12 -1.283
104.21 -2.75 593.3 102.74 25.12 -1.283
104.21 -2.75 593.3 70.62 53.68 -0.610
-176.29 -21.01 209.4 166.30 -22.10 10.118
-176.29 -21.01 209.4 -149.58 -17.57 12.157
139.19 46.94 469.7 121.19 31.10 -4.235
139.19 46.94 469.7 121.19 31.10 -4.335
139.19 46.94 469.7 143.16 42.01 -0.398
139.19 46.94 469.7 144.87 13.59 -6.814
139.19 46.94 469.7 144.87 13.59 -7.014
139.19 46.94 469.7 159.95 -9.43 -0.646
139.19 46.94 469.7 126.63 37.48 -4.072
139.19 46.94 469.7 126.63 37.48 -4.172
139.19 46.94 469.7 150.77 59.58 -4.593
139.19 46.94 469.7 138.21 36.54 -0.444
139.19 46.94 469.7 158.65 53.02 -4.384
139.19 46.94 469.7 121.50 24.97 -2.228
139.19 46.94 469.7 128.87 71.65 -7.192
139.19 46.94 469.7 107.05 47.87 -0.373
139.19 46.94 469.7 129.68 62.03 -7.247
-65.05 -20.09 340.8 -91.24 38.06 -9.569
-65.05 -20.09 340.8 -68.91 -22.62 -2.083
-65.05 -20.09 340.8 -68.91 -22.61 -2.082
-65.05 -20.09 340.8 -61.98 -38.06 -7.216
-65.05 -20.09 340.8 -61.98 -38.06 -6.916
166.98 -13.19 182.7 146.25 -20.09 4.171
166.98 -13.19 182.7 -171.78 -13.91 5.744
166.98 -13.19 182.7 98.98 18.79 4.480
139.23 29.37 440.0 137.03 35.35 0.357
139.23 29.37 440.0 166.30 -22.10 5.261
139.23 29.37 440.0 121.19 31.10 0.121
139.23 29.37 440.0 108.92 34.03 -3.301
139.23 29.37 440.0 108.92 34.03 -2.101
139.23 29.37 440.0 143.16 42.01 -0.310
137.65 29.48 517.4 137.03 35.35 -5.133
137.65 29.48 517.4 -158.01 21.42 -0.127
137.65 29.48 517.4 138.21 36.54 1.192
137.65 29.48 517.4 -158.01 21.42 1.373
-178.28 -20.66 549.5 149.00 -35.32 4.907
-178.28 -20.66 549.5 166.30 -22.10 9.678
-178.28 -20.66 549.5 -149.58 -17.57 9.555
-178.28 -20.66 549.5 168.31 -17.74 4.414
-178.28 -20.66 549.5 178.05 -17.73 11.988
-178.28 -20.66 549.5 146.25 -20.09 2.819
-178.28 -20.66 549.5 117.23 -32.93 -0.194
-178.28 -20.66 549.5 -159.77 -21.21 8.083
139.79 28.88 414.4 137.03 35.35 1.147
139.79 28.88 414.4 116.17 40.02 -0.552
139.79 28.88 414.4 119.74 49.27 -1.163
139.79 28.88 414.4 129.59 44.62 -1.621
139.79 28.88 414.4 129.59 44.62 -1.721
139.79 28.88 414.4 121.19 31.10 0.805
139.79 28.88 414.4 121.19 31.10 0.905
139.79 28.88 414.4 108.92 34.03 -5.684
139.79 28.88 414.4 108.92 34.03 -3.684
139.79 28.88 414.4 167.61 8.80 2.564
139.79 28.88 414.4 126.63 37.48 -0.222
139.79 28.88 414.4 150.77 59.58 -0.762
139.79 28.88 414.4 138.21 36.54 2.407
139.79 28.88 414.4 158.65 53.02 -0.373
139.79 28.88 414.4 107.05 47.87 -2.486
139.79 28.88 414.4 166.65 19.28 -2.855
139.79 28.88 414.4 129.68 62.03 -1.797
139.79 28.88 414.4 158.32 6.84 7.243
-175.54 -19.52 208.3 -171.78 -13.91 13.278
-175.54 -19.52 208.3 -171.78 -13.91 14.178
-175.54 -19.52 208.3 117.23 -32.93 4.083
123.50 -7.01 651.3 147.15 -9.41 1.948
123.50 -7.01 651.3 147.15 -9.41 1.948
-176.20 -21.75 173.9 138.21 36.54 6.043
-176.20 -21.75 173.9 117.23 -32.93 -1.014
-176.20 -21.75 173.9 161.85 -77.52 4.764
167.77 -15.54 154.3 98.98 18.79 4.800
167.77 -15.54 154.3 98.98 18.79 5.200
167.77 -15.54 154.3 146.25 -20.09 0.129
167.77 -15.54 154.3 126.62 37.48 2.398
125.81 26.42 157.6 117.23 -32.93 -3.815
179.90 -23.88 543.3 149.00 -35.32 2.283
179.90 -23.88 543.3 -149.58 -17.57 8.069
179.90 -23.88 543.3 147.32 -42.91 2.702
179.90 -23.88 543.3 -159.77 -21.21 4.737
107.58 -6.02 290.7 125.58 7.07 -5.663
107.58 -6.02 290.7 125.58 7.07 -4.163
107.58 -6.02 290.7 101.03 4.48 -7.500
107.58 -6.02 290.7 116.21 6.04 -2.939
107.58 -6.02 290.7 103.85 1.79 -13.520
107.58 -6.02 290.7 110.31 1.47 -2.555
107.58 -6.02 290.7 109.84 19.03 0.395
107.58 -6.02 290.7 112.21 2.45 -3.568
107.58 -6.02 290.7 142.76 46.96 -4.521
70.70 36.56 203.2 5.53 22.79 -4.509
70.70 36.56 203.2 58.56 56.43 -5.177
70.70 36.56 203.2 42.69 43.96 -7.863
70.68 36.60 204.5 5.53 22.79 -3.536
70.68 36.60 204.5 58.56 56.43 -5.249
70.68 36.60 204.5 42.69 43.96 -7.855
70.76 36.57 196.8 -7.54 40.40 -5.712
-179.38 -22.22 604.8 149.00 -35.32 1.725
166.79 -11.79 203.2 146.25 -20.09 2.242
169.29 -19.74 161.4 -109.33 -27.13 9.315
152.67 54.67 647.4 138.21 36.54 -3.013
-180.14 -31.41 367.7 149.00 -35.32 -0.682
-180.14 -31.41 367.7 147.32 -42.91 0.578
-180.14 -31.41 367.7 -159.77 -21.21 2.308
-175.73 -20.98 158.9 -171.78 -13.91 10.716
-175.73 -20.98 158.9 149.00 -35.32 2.383
-175.73 -20.98 158.9 173.54 -42.42 0.001
-175.73 -20.98 158.9 119.73 -21.16 -0.102
-175.73 -20.98 158.9 117.23 -32.93 0.328
-175.73 -20.98 158.9 172.53 -40.83 -2.550
-175.73 -20.98 158.9 174.70 -41.31 1.418
168.21 -16.11 184.7 149.00 -35.32 4.546
168.21 -16.11 184.7 146.25 -20.09 1.696
146.66 -5.38 242.0 -158.01 21.42 -1.633
178.49 -23.92 689.2 149.00 -35.32 -1.204
178.49 -23.92 689.2 166.30 -22.10 3.872
178.49 -23.92 689.2 -149.58 -17.57 4.999
-63.42 -26.72 561.5 -52.73 5.21 -1.350
-63.42 -26.72 561.5 -48.01 -15.64 -7.686
139.63 29.01 431.3 -158.01 21.42 -0.474
139.63 29.01 431.3 166.30 -22.10 6.281
139.63 29.01 431.3 116.17 40.02 -0.013
139.63 29.01 431.3 119.74 49.27 -0.873
139.63 29.01 431.3 129.59 44.62 -1.296
139.63 29.01 431.3 121.19 31.10 0.846
139.63 29.01 431.3 108.92 34.03 -2.693
139.63 29.01 431.3 143.16 42.01 1.309
139.63 29.01 431.3 126.63 37.48 -0.703
139.63 29.01 431.3 -158.01 21.42 -0.574
139.63 29.01 431.3 150.77 59.58 -1.424
139.63 29.01 431.3 138.21 36.54 2.141
139.63 29.01 431.3 158.65 53.02 -3.006
139.63 29.01 431.3 129.68 62.03 -4.428
139.63 29.01 431.3 142.76 46.96 0.810
139.63 29.01 431.3 142.20 27.06 1.955
139.63 29.01 431.3 128.16 42.51 0.669
139.63 29.01 431.3 128.00 41.95 1.153
139.63 29.01 431.3 128.06 42.06 0.243
139.63 29.01 431.3 128.20 43.34 -0.080
139.63 29.01 431.3 129.03 42.50 0.512
139.63 29.01 431.3 128.17 41.42 1.240
139.63 29.01 431.3 126.51 41.36 -0.239
139.63 29.01 431.3 126.80 42.38 0.722
139.63 29.01 431.3 127.59 41.95 0.651
139.63 29.01 431.3 126.00 41.70 0.335
139.63 29.01 431.3 127.28 42.33 0.813
139.63 29.01 431.3 156.81 51.47 -2.416
166.26 -11.65 148.2 149.00 -35.32 3.046
145.31 18.89 602.1 137.03 35.35 8.559
145.31 18.89 602.1 147.15 -9.41 7.094
145.31 18.89 602.1 147.15 -9.41 7.094
145.19 18.91 598.1 78.55 17.42 3.518
-66.99 -24.54 177.7 -117.11 32.89 1.207
-66.99 -24.54 177.7 -117.43 34.55 0.482
-66.99 -24.54 177.7 -116.67 32.68 1.748
-66.99 -24.54 177.7 -116.00 34.00 0.815
-66.99 -24.54 177.7 -117.66 34.24 0.838
-66.99 -24.54 177.7 -77.37 38.20 -3.562
-66.99 -24.54 177.7 -118.41 33.40 0.342
-66.99 -24.54 177.7 -77.89 35.24 -4.664
-66.99 -24.54 177.7 -116.74 33.57 0.596
-66.99 -24.54 177.7 -117.01 33.65 1.642
-66.99 -24.54 177.7 -116.10 32.66 1.708
-66.99 -24.54 177.7 -118.29 33.71 0.100
-66.99 -24.54 177.7 -116.60 33.49 1.185
-66.99 -24.54 177.7 -115.66 34.78 0.283
-66.99 -24.54 177.7 -116.81 35.30 -0.451
-66.99 -24.54 177.7 -105.61 39.80 -1.402
-66.99 -24.54 177.7 -116.60 33.09 1.905
-66.99 -24.54 177.7 -87.00 33.03 -7.081
-66.99 -24.54 177.7 -116.56 33.35 0.717
-66.99 -24.54 177.7 -68.91 -22.61 -1.841
-66.99 -24.54 177.7 -79.85 39.66 -5.876
-66.99 -24.54 177.7 -118.06 34.22 0.763
-66.99 -24.54 177.7 -76.84 -11.99 -4.357
-66.99 -24.54 177.7 -76.84 -11.99 -4.557
-66.99 -24.54 177.7 -118.17 34.15 0.919
-66.99 -24.54 177.7 -90.29 -0.67 -0.276
-66.99 -24.54 177.7 -114.14 34.30 -0.223
-66.99 -24.54 177.7 -116.46 33.61 0.517
-66.99 -24.54 177.7 -116.46 33.61 1.817
-66.99 -24.54 177.7 -116.86 33.35 1.594
-66.99 -24.54 177.7 -116.85 33.63 0.806
-66.99 -24.54 177.7 -118.40 33.74 -0.074
-66.99 -24.54 177.7 -117.00 34.88 -0.013
-66.99 -24.54 177.7 -63.18 -8.95 -5.996
-66.99 -24.54 177.7 -63.18 -8.95 -5.696
-66.99 -24.54 177.7 -116.61 33.55 0.570
-66.99 -24.54 177.7 -115.80 32.94 0.763
-66.99 -24.54 177.7 -61.98 -38.06 -2.817
-66.99 -24.54 177.7 -61.98 -38.06 -3.317
-66.99 -24.54 177.7 -115.38 36.42 -0.258
-66.99 -24.54 177.7 -118.29 34.02 0.098
-66.99 -24.54 177.7 -114.87 35.30 -0.061
-66.99 -24.54 177.7 -113.89 35.10 0.167
-66.99 -24.54 177.7 -113.08 35.21 1.099
-66.99 -24.54 177.7 -112.27 35.18 1.268
-66.99 -24.54 177.7 -116.67 33.57 1.278
-66.99 -24.54 177.7 -113.83 34.59 -0.466
-66.99 -24.54 177.7 -112.24 34.49 0.142
-66.99 -24.54 177.7 -114.52 33.75 -0.306
-66.99 -24.54 177.7 -113.00 33.94 -0.841
-66.99 -24.54 177.7 -116.35 33.17 0.120
-178.50 -20.80 587.3 -171.78 -13.91 5.526
-178.99 -20.79 638.4 174.70 -41.31 -3.886
-77.62 -1.34 186.3 -149.58 -17.57 5.942
-77.62 -1.34 186.3 -99.18 19.33 0.968
-77.62 -1.34 186.3 -50.62 67.00 -2.383
-77.62 -1.34 186.3 -101.98 54.72 -5.696
-77.62 -1.34 186.3 -84.95 10.29 0.803
-77.62 -1.34 186.3 -76.84 -11.99 -1.842
-77.62 -1.34 186.3 -50.62 67.00 -2.383
-77.62 -1.34 186.3 -117.12 48.26 -3.336
138.21 33.22 302.6 137.03 35.35 -5.127
138.21 33.22 302.6 -62.35 82.50 -2.010
138.21 33.22 302.6 138.21 36.54 -1.805
138.21 33.22 302.6 142.76 46.96 -3.169
-178.67 -17.70 570.1 149.00 -35.32 0.876
-178.67 -17.70 570.1 -159.77 -21.21 9.866
132.45 43.38 487.0 137.03 35.35 0.357
132.45 43.38 487.0 119.74 49.27 -4.493
132.45 43.38 487.0 129.59 44.62 -3.229
132.45 43.38 487.0 129.59 44.62 -3.329
132.45 43.38 487.0 121.19 31.10 -3.122
132.45 43.38 487.0 87.69 43.82 0.097
132.45 43.38 487.0 144.87 13.59 -4.415
132.45 43.38 487.0 126.63 37.48 -3.370
132.45 43.38 487.0 126.63 37.48 -3.370
132.45 43.38 487.0 150.77 59.58 -3.378
132.45 43.38 487.0 138.21 36.54 2.438
132.45 43.38 487.0 158.65 53.02 -2.594
132.45 43.38 487.0 121.50 24.97 -2.951
132.45 43.38 487.0 129.68 62.03 -7.102
-66.27 -23.22 247.2 -68.12 -16.27 -7.094
-66.27 -23.22 247.2 -47.90 -15.66 -6.527
-178.11 -17.81 612.0 149.00 -35.32 -0.358
-178.11 -17.81 612.0 146.25 -20.09 -3.688
-179.04 -19.76 691.1 -149.58 -17.57 5.842
-179.04 -19.76 691.1 174.70 -41.31 -6.571
-179.04 -19.76 691.1 161.85 -77.52 -4.618
111.98 -6.12 633.2 174.70 -41.31 -4.409
178.89 -23.92 564.5 149.00 -35.32 3.658
123.27 2.95 444.7 98.98 18.79 -9.581
178.47 -26.45 616.6 149.00 -35.32 1.775
178.47 -26.45 616.6 -149.58 -17.57 8.307
178.47 -26.45 616.6 147.32 -42.91 2.750
178.47 -26.45 616.6 -159.77 -21.21 4.436
-175.71 -20.12 200.6 117.23 -32.93 2.525
137.32 30.34 490.9 -158.01 21.42 0.783
137.32 30.34 490.9 138.21 36.54 0.531
137.32 30.34 490.9 -158.01 21.32 0.878
179.03 -22.63 622.6 -171.78 -13.91 3.127
179.03 -22.63 622.6 146.25 -20.09 0.938
179.03 -22.63 622.6 -149.58 -17.57 5.725
120.16 -7.24 579.3 100.65 5.29 -4.812
120.16 -7.24 579.3 55.75 -21.16 -2.199
-178.99 -20.81 626.8 149.00 -35.32 2.863
-178.99 -20.81 626.8 -149.58 -17.57 9.395
-178.99 -20.81 626.8 159.95 -9.43 2.834
-178.99 -20.81 626.8 -159.77 -21.21 7.497
-178.99 -20.81 626.8 -174.34 -19.78 4.571
-177.26 -17.38 410.0 174.70 -41.31 0.429
179.65 -23.35 561.0 149.00 -35.32 0.622
179.65 -23.35 561.0 117.23 -32.93 -1.242
179.65 -23.35 561.0 174.70 -41.31 -3.204
129.98 44.78 583.3 137.03 35.35 -0.074
167.21 -14.04 193.8 98.98 18.79 8.467
-67.23 -20.76 201.3 -70.68 -33.15 -5.678
-67.23 -20.76 201.3 -70.55 -40.73 -2.637
-67.23 -20.76 201.3 -76.84 -11.99 1.498
-67.23 -20.76 201.3 -86.29 38.23 -6.613
135.82 41.27 375.4 -122.97 47.72 7.388
135.82 41.27 375.4 -121.69 47.69 2.903
135.82 41.27 375.4 -117.12 48.26 1.026
135.82 41.27 375.4 -117.12 48.26 0.526
135.82 41.27 375.4 134.36 -19.93 -7.941
155.29 -6.28 151.8 147.15 -9.41 3.047
155.29 -6.28 151.8 147.15 -9.41 3.047
146.97 -5.36 228.7 146.25 -20.09 3.200
167.15 -13.78 197.1 102.74 25.12 6.062
167.15 -13.78 197.1 98.98 18.79 8.173
167.15 -13.78 197.1 150.81 -9.74 8.628
151.00 -3.62 431.3 98.98 18.79 4.467
151.00 -3.62 431.3 144.87 13.59 -1.297
151.00 -3.62 431.3 144.87 13.59 -1.097
151.00 -3.62 431.3 166.30 -22.10 7.725
-76.01 3.96 172.7 -123.30 44.59 -1.580
-76.01 3.96 172.7 -119.53 46.39 -3.931
-76.01 3.96 172.7 -121.88 50.61 -3.269
-76.01 3.96 172.7 -117.12 48.26 -6.236
-63.13 -26.89 592.7 -68.91 -22.61 -4.053
-63.13 -26.89 592.7 -68.91 -22.61 -3.853
-63.13 -26.89 592.7 -76.84 -11.99 -3.805
-63.13 -26.89 592.7 -76.84 -11.99 -3.305
-63.13 -26.89 592.7 -61.98 -38.06 -5.662
-63.13 -26.89 592.7 -61.98 -38.06 -5.562
-179.91 -30.84 409.9 -171.78 -13.91 10.864
-179.91 -30.84 409.9 -171.78 -13.91 11.064
-179.91 -30.84 409.9 149.00 -35.32 3.304
-179.91 -30.84 409.9 170.64 -45.05 3.786
-179.91 -30.84 409.9 173.60 -35.22 8.591
-179.91 -30.84 409.9 172.53 -40.83 0.609
-179.91 -30.84 409.9 -159.77 -21.21 6.666
-179.91 -30.84 409.9 -159.77 -21.21 7.266
-179.91 -30.84 409.9 174.70 -41.31 2.423
143.20 22.05 264.3 -157.45 2.04 16.337
143.20 22.05 264.3 -157.45 2.04 15.737
143.20 22.05 264.3 -145.15 62.41 -3.856
143.20 22.05 264.3 -149.13 61.59 -2.199
112.39 -8.30 146.0 42.85 11.53 0.144
112.39 -8.30 146.0 168.31 -17.74 0.833
112.39 -8.30 146.0 74.49 42.64 -5.881
112.39 -8.30 146.0 134.36 -19.93 -5.228
112.39 -8.30 146.0 158.65 53.02 -2.940
112.39 -8.30 146.0 142.76 46.96 -3.512
112.39 -8.30 146.0 74.49 42.63 -6.481
112.39 -8.30 146.0 73.69 42.13 -5.990
112.39 -8.30 146.0 73.78 42.66 -5.994
112.39 -8.30 146.0 75.60 42.92 -4.838
112.39 -8.30 146.0 74.51 42.23 -4.880
112.39 -8.30 146.0 74.50 43.27 -6.167
-178.46 -20.72 585.7 149.00 -35.32 2.590
-178.46 -20.72 585.7 -171.78 -13.91 8.982
-178.46 -20.72 585.7 146.25 -20.09 4.224
139.02 29.30 446.3 137.03 35.35 -2.183
139.02 29.30 446.3 129.59 44.62 -4.746
139.02 29.30 446.3 143.16 42.01 -2.416
139.02 29.30 446.3 144.87 13.59 -8.452
148.72 46.90 285.8 150.77 59.58 -2.736
148.72 46.90 285.8 138.21 36.54 -1.386
148.72 46.90 285.8 158.65 53.02 -5.029
148.72 46.90 285.8 121.19 31.10 -2.116
148.72 46.90 285.8 129.68 62.03 -8.071
115.76 -7.50 311.4 117.23 -32.93 -13.030
169.03 -18.88 161.9 149.00 -35.32 3.097
169.03 -18.88 161.9 174.86 -38.51 1.080
169.03 -18.88 161.9 138.21 36.54 9.613
169.03 -18.88 161.9 172.53 -40.83 -0.760
-178.74 -20.76 645.9 149.00 -35.32 1.849
-178.74 -20.76 645.9 166.30 -22.10 6.221
125.42 -7.02 536.1 144.87 13.59 0.624
125.42 -7.02 536.1 147.15 -9.41 1.258
125.42 -7.02 536.1 147.15 -9.41 1.358
125.42 -7.02 536.1 147.15 -9.41 1.358
125.42 -7.02 536.1 109.84 19.03 1.678
125.42 -7.02 536.1 110.52 -7.91 -6.014
179.51 -25.11 524.2 -171.78 -13.91 8.260
179.51 -25.11 524.2 -171.78 -13.91 8.060
179.51 -25.11 524.2 176.49 -39.17 0.489
179.51 -25.11 524.2 149.00 -35.32 1.683
179.51 -25.11 524.2 110.54 -66.28 -3.831
179.51 -25.11 524.2 110.54 -66.28 -2.331
179.51 -25.11 524.2 173.54 -42.42 1.334
179.51 -25.11 524.2 170.64 -45.05 1.020
179.51 -25.11 524.2 -109.33 -27.13 10.729
179.51 -25.11 524.2 174.70 -41.31 -1.859
-28.96 -59.78 281.5 -58.06 -51.68 -3.704
-28.96 -59.78 281.5 -58.98 -62.19 0.801
169.54 -18.97 264.6 146.25 -20.09 1.475
-175.65 -19.81 206.7 166.30 -22.10 12.759
-175.65 -19.81 206.7 -171.78 -13.91 13.015
-175.65 -19.81 206.7 174.70 -41.31 2.162
-66.62 -19.50 268.0 -68.12 -16.27 -4.944
-66.62 -19.50 268.0 -76.84 -11.99 -3.969
-66.62 -19.50 268.0 -71.56 42.51 -10.420
-177.90 -20.68 490.3 149.00 -35.32 3.701
-177.90 -20.68 490.3 174.70 -41.31 -0.231
138.02 32.10 363.7 149.00 -35.32 3.395
138.02 32.10 363.7 116.18 40.04 -2.100
138.02 32.10 363.7 119.74 49.27 -2.787
138.02 32.10 363.7 129.59 44.62 -2.754
138.02 32.10 363.7 143.16 42.01 0.128
138.02 32.10 363.7 144.87 13.59 -4.032
138.02 32.10 363.7 138.21 36.54 1.145
138.02 32.10 363.7 158.65 53.02 -2.951
138.02 32.10 363.7 121.50 24.97 0.209
138.02 32.10 363.7 142.76 46.96 -1.415
-71.74 -8.32 528.2 -84.11 10.00 -5.037
-71.74 -8.32 528.2 -116.85 33.63 9.936
-71.74 -8.32 528.2 -118.82 34.16 8.152
-176.43 -21.40 168.5 -171.78 -13.91 6.591
-177.12 -25.50 167.2 137.03 35.35 5.408
-177.12 -25.50 167.2 -149.58 -17.57 10.215
-176.45 -21.87 164.3 149.00 -35.32 5.125
-176.45 -21.87 164.3 166.30 -22.10 11.532
-178.58 -17.75 589.4 159.95 -9.43 3.755
-178.58 -17.75 589.4 -159.77 -21.21 10.369
123.43 25.33 187.4 33.33 34.96 -2.242
123.43 25.33 187.4 -156.24 20.77 6.206
123.43 25.33 187.4 28.41 44.46 -1.816
123.43 25.33 187.4 91.15 29.70 -3.932
123.43 25.33 187.4 91.15 29.70 -4.032
123.43 25.33 187.4 129.59 44.62 -3.517
123.43 25.33 187.4 129.59 44.62 -3.617
123.43 25.33 187.4 109.84 19.03 3.850
123.43 25.33 187.4 72.45 -7.41 -0.497
123.43 25.33 187.4 -134.85 58.58 3.672
123.43 25.33 187.4 116.71 -30.61 -5.457
123.43 25.33 187.4 -139.40 59.67 1.187
123.43 25.33 187.4 -135.32 57.06 3.092
123.43 25.33 187.4 -135.33 59.46 3.144
130.17 -6.49 155.7 -158.01 21.42 0.175
130.17 -6.49 155.7 55.75 -21.16 0.850
130.17 -6.49 155.7 -158.01 21.42 0.575
179.60 -25.56 504.6 -171.78 -13.91 8.165
179.60 -25.56 504.6 -171.78 -13.91 8.265
179.60 -25.56 504.6 149.00 -35.32 0.946
179.60 -25.56 504.6 110.54 -66.28 -3.333
179.60 -25.56 504.6 110.54 -66.28 -2.833
179.60 -25.56 504.6 159.95 -9.43 3.375
179.60 -25.56 504.6 159.95 -9.43 3.075
179.60 -25.56 504.6 173.54 -42.42 -1.717
179.60 -25.56 504.6 173.60 -35.22 4.808
179.60 -25.56 504.6 -159.77 -21.21 5.903
179.60 -25.56 504.6 174.70 -41.31 -0.530
-92.22 15.63 178.9 -176.68 51.88 0.502
-92.22 15.63 178.9 -90.29 -0.67 2.199
-92.22 15.63 178.9 -70.55 -40.73 -1.592
-92.22 15.63 178.9 -47.43 -23.59 -0.825
-178.31 -19.66 618.9 149.00 -35.32 1.710
-178.31 -19.66 618.9 166.30 -22.10 6.900
-178.31 -19.66 618.9 -149.58 -17.57 8.527
-177.22 -24.08 199.0 -109.33 -27.13 9.592
70.48 36.41 222.9 74.49 42.64 -2.167
70.48 36.41 222.9 103.64 51.68 -15.372
-178.33 -20.33 603.0 149.00 -35.32 0.399
145.60 19.00 210.6 121.50 24.97 0.085
129.46 -6.83 196.2 137.03 35.35 0.251
-174.86 -17.33 291.2 166.30 -22.10 11.248
-174.86 -17.33 291.2 161.85 -77.52 6.633
-174.86 -17.33 291.2 166.76 -77.85 6.516
-174.86 -17.33 291.2 174.70 -41.31 1.679
120.77 13.78 146.2 109.49 30.27 1.067
-93.34 16.56 159.4 -84.95 10.29 4.688
-93.34 16.56 159.4 -176.68 51.88 1.231
-93.34 16.56 159.4 -147.79 64.90 -3.735
-93.34 16.56 159.4 -118.63 34.14 4.157
-93.34 16.56 159.4 -114.83 33.05 1.602
-93.34 16.56 159.4 -114.60 34.82 0.792
-93.34 16.56 159.4 -118.72 34.61 4.625
-93.34 16.56 159.4 -118.17 34.15 1.910
-93.34 16.56 159.4 -119.71 34.44 3.002
-93.34 16.56 159.4 -115.72 32.95 2.768
-93.34 16.56 159.4 -117.33 34.57 2.237
-93.34 16.56 159.4 -99.74 38.81 -2.133
-93.34 16.56 159.4 -115.24 40.74 1.992
-93.34 16.56 159.4 -93.58 34.55 1.493
-93.34 16.56 159.4 -98.78 34.74 0.482
-93.34 16.56 159.4 -118.64 42.43 2.307
-93.34 16.56 159.4 -83.19 40.22 -0.807
-93.34 16.56 159.4 -89.33 38.67 -1.986
-178.42 -20.32 556.9 149.00 -35.32 3.603
-178.42 -20.32 556.9 166.30 -22.10 8.431
-178.42 -20.32 556.9 -149.58 -17.57 8.330
-179.60 -30.57 358.1 149.00 -35.32 -0.343
-179.60 -30.57 358.1 159.95 -9.43 2.273
-179.60 -30.57 358.1 166.30 -22.10 5.165
-65.74 -22.05 280.4 -63.18 -8.95 -6.885
-65.74 -22.05 280.4 -63.18 -8.95 -6.685
-65.74 -22.05 280.4 -61.98 -38.06 -6.123
-65.74 -22.05 280.4 -61.98 -38.06 -5.723
167.69 -15.55 169.9 98.98 18.79 3.442
179.75 -25.51 478.6 147.32 -42.91 2.069
146.20 -7.19 174.4 144.87 13.59 -4.944
146.20 -7.19 174.4 134.36 -19.93 0.641
175.85 -38.53 153.1 149.00 -35.32 -4.384
175.85 -38.53 153.1 166.30 -22.10 -0.392
-63.05 -28.66 605.0 -68.12 -16.27 -4.191
179.24 -25.63 531.1 149.00 -35.32 -0.786
179.24 -25.63 531.1 -149.58 -17.57 6.880
179.24 -25.63 531.1 178.05 -17.73 6.122
179.24 -25.63 531.1 147.32 -42.91 2.685
179.24 -25.63 531.1 -171.78 -13.91 7.153
179.24 -25.63 531.1 159.95 -9.43 2.134
179.24 -25.63 531.1 -159.77 -21.21 4.222
179.24 -25.63 531.1 174.70 -41.31 -2.461
-179.29 -21.70 630.8 166.30 -22.10 3.631
-179.29 -21.70 630.8 -149.58 -17.57 4.058
-179.29 -21.70 630.8 117.23 -32.93 -5.421
-176.44 -21.68 194.7 138.21 36.54 6.649
139.09 29.93 407.6 137.03 35.35 1.128
139.09 29.93 407.6 109.49 30.27 0.882
139.09 29.93 407.6 121.19 31.10 3.468
139.09 29.93 407.6 144.87 13.59 -4.902
139.09 29.93 407.6 -158.01 21.42 2.801
139.09 29.93 407.6 138.21 36.54 2.857
139.09 29.93 407.6 121.50 24.97 -1.496
139.09 29.93 407.6 142.76 46.96 -0.350
145.65 18.86 215.5 -152.58 57.78 -0.867
145.65 18.86 215.5 -152.58 57.78 -0.167
145.65 18.86 215.5 121.50 24.97 0.057
145.65 18.86 215.5 121.50 24.97 0.357
145.65 18.86 215.5 -157.45 2.04 4.395
145.65 18.86 215.5 -157.45 2.04 4.395
145.65 18.86 215.5 -152.31 63.88 0.137
145.65 18.86 215.5 -145.75 60.55 1.683
145.65 18.86 215.5 -150.92 63.55 -2.032
145.65 18.86 215.5 82.29 46.79 -0.556
145.65 18.86 215.5 -152.19 62.90 -1.705
-74.46 -8.03 143.2 -61.14 14.73 -4.034
-74.46 -8.03 143.2 -90.29 -0.67 -1.129
-74.46 -8.03 143.2 -104.04 44.12 -9.115
-74.46 -8.03 143.2 -66.15 18.11 -3.286
-68.05 -21.47 147.9 -116.46 33.61 -3.332
-68.05 -21.47 147.9 -118.17 34.15 -2.792
-178.95 -17.18 569.3 149.00 -35.32 4.992
-178.95 -17.18 569.3 166.30 -22.10 8.466
168.96 -18.70 202.6 146.25 -20.09 1.484
168.96 -18.70 202.6 166.30 -22.10 7.249
-179.89 -30.95 357.9 149.00 -35.32 1.966
-179.89 -30.95 357.9 166.30 -22.10 8.610
144.58 47.87 490.9 121.19 31.10 -12.000
144.58 47.87 490.9 58.12 37.93 -0.137
-177.81 -26.08 184.4 137.03 35.35 9.550
71.12 36.58 221.6 58.56 56.43 -12.001
71.12 36.58 221.6 70.28 53.06 -8.708
71.12 36.58 221.6 81.98 46.81 -10.106
71.12 36.58 221.6 73.69 42.13 -7.861
-77.04 -1.06 236.9 -123.30 44.59 -1.276
-77.04 -1.06 236.9 -84.11 10.00 2.029
-77.04 -1.06 236.9 -124.03 40.82 1.297
-77.04 -1.06 236.9 -68.91 -22.61 -3.201
-77.04 -1.06 236.9 -68.91 -22.61 -3.001
-77.04 -1.06 236.9 -90.29 -0.67 2.499
-77.04 -1.06 236.9 -63.18 -8.95 -4.666
-77.04 -1.06 236.9 -63.18 -8.95 -4.366
100.15 1.27 213.0 78.55 17.42 -3.361
100.15 1.27 213.0 102.74 25.12 -4.694
100.15 1.27 213.0 45.50 23.52 -2.601
100.15 1.27 213.0 98.98 18.79 -3.072
137.20 33.32 378.4 -18.66 76.77 -2.921
137.20 33.32 378.4 37.77 54.96 -4.165
137.20 33.32 378.4 30.32 59.77 -4.546
137.20 33.32 378.4 36.57 55.11 -5.245
137.20 33.32 378.4 27.01 69.76 -6.681
137.20 33.32 378.4 27.01 69.76 -6.681
-63.38 -26.82 572.3 -68.91 -22.61 -5.578
-63.38 -26.82 572.3 -68.91 -22.61 -5.978
-63.38 -26.82 572.3 -35.90 -5.83 -2.559
-63.38 -26.82 572.3 -63.18 -8.95 -6.464
-63.38 -26.82 572.3 -63.18 -8.95 -5.664
-63.38 -26.82 572.3 -61.98 -38.06 -7.455
-63.27 -26.15 574.5 -64.70 32.37 -6.739
-63.27 -26.15 574.5 -81.43 28.11 -8.950
-63.27 -26.15 574.5 -68.91 -22.61 -7.120
-63.27 -26.15 574.5 -68.91 -22.61 -7.220
-63.27 -26.15 574.5 -76.84 -11.99 -6.103
-63.27 -26.15 574.5 -76.84 -11.99 -6.103
-63.27 -26.15 574.5 -63.18 -8.95 -6.102
-63.27 -26.15 574.5 -63.18 -8.95 -5.802
-63.27 -26.15 574.5 -2.84 -71.67 -9.844
-63.27 -26.15 574.5 -61.98 -38.06 -6.859
-63.27 -26.15 574.5 -61.98 -38.06 -6.559
128.13 -6.43 355.0 146.25 -20.09 -7.486
-176.25 -21.18 197.5 117.23 -32.93 1.468
-176.25 -21.18 197.5 174.70 -41.31 0.554
110.28 -5.62 563.6 117.23 -32.93 -7.520
145.07 43.76 156.3 116.17 40.02 -3.094
145.07 43.76 156.3 119.74 49.27 -3.437
145.07 43.76 156.3 129.59 44.62 -2.044
-176.13 -21.38 165.0 166.30 -22.10 11.331
-176.13 -21.38 165.0 143.16 42.01 7.021
-176.13 -21.38 165.0 117.23 -32.93 1.724
146.43 47.80 477.4 137.03 35.35 -3.073
146.43 47.80 477.4 -18.66 76.77 -5.166
-68.00 -22.62 152.4 -116.37 33.33 1.713
-68.00 -22.62 152.4 -116.67 33.49 1.939
-68.00 -22.62 152.4 -116.74 33.57 1.332
-68.00 -22.62 152.4 -116.60 33.49 0.821
-68.00 -22.62 152.4 -116.56 33.35 1.354
-68.00 -22.62 152.4 -116.46 33.61 0.950
-68.00 -22.62 152.4 -116.85 33.63 1.943
-68.00 -22.62 152.4 -117.17 33.46 1.986
-68.00 -22.62 152.4 -116.43 33.52 1.669
-68.00 -22.62 152.4 -118.83 35.13 0.656
-68.00 -22.62 152.4 -116.92 34.26 2.267
-68.00 -22.62 152.4 -115.45 33.66 0.334
-68.00 -22.62 152.4 -116.00 34.00 1.539
-68.00 -22.62 152.4 -117.66 34.24 1.875
-68.00 -22.62 152.4 -118.03 34.33 1.558
-68.00 -22.62 152.4 -118.41 33.40 1.695
-68.00 -22.62 152.4 -115.38 34.64 0.192
-68.00 -22.62 152.4 -118.33 34.25 1.879
-68.00 -22.62 152.4 -118.46 34.11 1.669
-68.00 -22.62 152.4 -116.10 32.66 1.248
-68.00 -22.62 152.4 -117.99 34.88 0.872
-68.00 -22.62 152.4 -118.29 33.71 1.350
-68.00 -22.62 152.4 -116.86 36.47 0.259
-68.00 -22.62 152.4 -116.81 35.30 0.766
-68.00 -22.62 152.4 -116.33 34.83 0.986
-68.00 -22.62 152.4 -116.60 33.09 1.745
-68.00 -22.62 152.4 -119.07 34.11 0.871
-68.00 -22.62 152.4 -117.68 35.48 0.619
-68.00 -22.62 152.4 -117.49 36.06 0.642
-68.00 -22.62 152.4 -118.06 34.22 1.704
-68.00 -22.62 152.4 -118.72 34.61 0.887
-68.00 -22.62 152.4 -118.17 34.15 1.762
-68.00 -22.62 152.4 -114.14 34.30 -0.920
-68.00 -22.62 152.4 -116.86 33.35 2.033
-68.00 -22.62 152.4 -118.40 33.74 1.075
-68.00 -22.62 152.4 -117.00 34.88 1.311
-68.00 -22.62 152.4 -118.55 32.98 2.584
-68.00 -22.62 152.4 -117.66 33.55 1.503
-68.00 -22.62 152.4 -120.50 34.57 -0.505
-68.00 -22.62 152.4 -116.28 35.90 0.863
-68.00 -22.62 152.4 -117.28 35.89 0.933
-68.00 -22.62 152.4 -120.00 35.31 -0.508
-68.00 -22.62 152.4 -119.52 33.25 1.009
-68.00 -22.62 152.4 -117.10 34.11 2.259
-68.00 -22.62 152.4 -115.80 32.94 -0.203
-68.00 -22.62 152.4 -118.23 37.05 0.627
-68.00 -22.62 152.4 -118.82 34.16 1.071
-68.00 -22.62 152.4 -115.92 35.44 0.797
-68.00 -22.62 152.4 -118.29 34.02 1.044
-68.00 -22.62 152.4 -118.12 34.48 1.737
-68.00 -22.62 152.4 -119.08 35.84 -1.173
-68.00 -22.62 152.4 -117.33 34.56 1.684
-68.00 -22.62 152.4 -2.84 -71.67 -3.470
-68.00 -22.62 152.4 -58.06 -51.68 -4.609
-178.14 -18.49 467.7 146.25 -20.09 -0.438
-178.14 -18.49 467.7 -171.78 -13.91 7.721
-66.17 -22.82 257.6 -76.84 -11.99 -2.861
-66.17 -22.82 257.6 -76.84 -11.99 -2.261
-66.17 -22.82 257.6 -109.25 33.96 -0.333
-178.67 -20.91 547.9 159.95 -9.43 3.714
-178.67 -20.91 547.9 174.70 -41.31 -0.014
130.34 30.96 147.0 -128.11 52.18 3.890
130.34 30.96 147.0 -114.60 62.43 -0.421
130.34 30.96 147.0 -114.74 62.49 -0.028
130.34 30.96 147.0 129.59 44.62 -1.368
130.34 30.96 147.0 129.59 44.62 -1.468
130.34 30.96 147.0 109.84 19.03 2.838
130.34 30.96 147.0 -150.98 64.10 -3.042
130.34 30.96 147.0 -149.13 61.59 -3.148
179.05 -24.22 562.0 110.54 -66.28 -5.054
152.03 -4.65 151.5 98.98 18.79 0.762
152.03 -4.65 151.5 146.25 -20.09 4.472
152.03 -4.65 151.5 147.15 -9.41 1.762
-68.81 -13.85 600.1 -48.01 -15.64 -5.931
179.68 -25.34 513.1 -171.78 -13.91 6.027
98.97 3.38 202.7 98.98 18.79 -3.058
98.97 3.38 202.7 98.98 18.79 -2.958
98.97 3.38 202.7 100.65 5.29 -2.271
98.97 3.38 202.7 109.84 19.03 -0.032
-179.52 -30.48 365.7 149.00 -35.32 0.622
-179.52 -30.48 365.7 -159.77 -21.21 4.399
-179.52 -30.48 365.7 174.70 -41.31 -1.057
-74.53 -7.52 147.5 -76.84 -11.99 -7.909
178.78 -26.44 572.0 149.00 -35.32 1.417
178.78 -26.44 572.0 -149.58 -17.57 9.517
178.78 -26.44 572.0 147.32 -42.91 0.798
124.27 0.68 200.3 107.62 -6.83 -1.654
147.18 -5.27 212.1 119.74 49.27 -1.066
179.36 -23.99 532.1 146.25 -20.09 6.297
-178.25 -21.37 430.7 178.05 -17.73 4.639
-178.25 -21.37 430.7 -171.78 -13.91 3.729
-178.25 -21.37 430.7 174.70 -41.31 -6.353
-75.87 4.01 184.0 -149.58 -17.57 5.091
-75.87 4.01 184.0 -123.30 44.59 -2.075
167.17 -13.92 193.4 119.74 49.27 2.997
167.17 -13.92 193.4 102.74 25.12 6.858
71.27 36.51 206.0 87.69 43.82 -8.183
71.27 36.51 206.0 87.69 43.82 -8.283
71.27 36.51 206.0 74.49 42.64 -6.324
125.00 3.74 210.7 150.77 59.58 -6.495
125.00 3.74 210.7 173.60 -35.22 6.540
125.00 3.74 210.7 121.50 24.97 -4.205
125.00 3.74 210.7 121.37 24.67 -4.675
-69.70 -17.42 150.1 -121.40 36.60 1.979
-69.70 -17.42 150.1 -120.39 38.03 1.623
-69.70 -17.42 150.1 -48.01 -15.64 -4.720
-69.70 -17.42 150.1 -77.89 40.64 -5.735
-179.34 -21.75 600.4 -171.78 -13.91 5.750
-179.34 -21.75 600.4 -171.78 -13.91 5.750
70.67 36.41 223.1 -6.18 36.64 -15.521
-178.99 -20.99 648.5 149.00 -35.32 2.491
-178.99 -20.99 648.5 166.30 -22.10 7.732
-178.99 -20.99 648.5 -171.78 -13.91 8.009
-178.99 -20.99 648.5 -171.78 -13.91 7.909
-178.99 -20.99 648.5 146.25 -20.09 3.206
-178.99 -20.99 648.5 159.95 -9.43 1.984
-178.67 -17.88 581.5 146.25 -20.09 4.644
-174.42 -15.78 253.1 174.70 -41.31 -0.306
138.90 43.24 236.6 116.17 40.02 -4.079
138.90 43.24 236.6 119.74 49.27 -3.868
138.90 43.24 236.6 129.59 44.62 -3.216
138.90 43.24 236.6 121.19 31.10 -4.790
138.90 43.24 236.6 108.92 34.03 -5.015
138.90 43.24 236.6 143.16 42.01 -0.198
138.90 43.24 236.6 126.63 37.48 -4.691
138.90 43.24 236.6 158.65 53.02 -3.332
138.90 43.24 236.6 121.50 24.97 -3.286
138.90 43.24 236.6 142.76 46.96 -3.155
-77.56 -1.42 188.1 -124.03 40.82 -0.493
-77.56 -1.42 188.1 -120.30 41.90 -0.732
-77.56 -1.42 188.1 -135.32 57.06 3.411
-178.71 -20.17 618.6 146.25 -20.09 2.317
-178.71 -20.17 618.6 174.70 -41.31 -3.550
-178.46 -21.50 460.9 146.25 -20.09 0.202
129.57 -6.81 158.8 137.03 35.35 0.086
129.57 -6.81 158.8 -176.68 51.88 -2.515
167.26 -14.64 156.6 147.15 -9.41 6.304
167.26 -14.64 156.6 102.74 25.12 5.046
167.26 -14.64 156.6 102.74 25.12 5.046
167.26 -14.64 156.6 108.92 34.03 1.208
167.26 -14.64 156.6 146.25 -20.09 4.797
167.26 -14.64 156.6 147.15 -9.41 6.304
154.41 -5.77 363.1 146.25 -20.09 1.635
180.07 -31.82 221.0 174.70 -41.31 -2.306
-175.94 -21.56 154.1 149.00 -35.32 -1.020
-175.94 -21.56 154.1 166.30 -22.10 10.992
-175.94 -21.56 154.1 -171.78 -13.91 11.086
-175.94 -21.56 154.1 138.21 36.54 7.675
-175.94 -21.56 154.1 -100.01 -79.50 4.205
-175.94 -21.56 154.1 -100.01 -79.50 4.105
-74.28 -8.34 151.9 -78.45 0.24 -2.369
-74.28 -8.34 151.9 -90.29 -0.67 -2.001
-74.28 -8.34 151.9 -70.55 -40.73 -2.623
-74.28 -8.34 151.9 -66.15 18.11 -3.826
145.69 18.53 231.1 138.21 36.54 -0.611
