178.73 -17.62 678.2 78.55 17.42 -2.745
-177.90 -19.88 590.0 74.49 42.63 -5.148
-177.90 -19.88 590.0 -62.35 82.50 1.190
-177.90 -19.88 590.0 -62.35 82.50 1.190
-177.90 -19.88 590.0 73.69 42.13 -0.179
-177.90 -19.88 590.0 -64.70 32.37 12.781
-177.90 -19.88 590.0 -147.85 64.87 0.439
-177.90 -19.88 590.0 -147.85 64.87 0.039
-177.90 -19.88 590.0 51.86 -46.43 8.218
-177.90 -19.88 590.0 109.49 30.27 0.971
-177.90 -19.88 590.0 119.74 49.27 4.881
-177.90 -19.88 590.0 -133.52 68.31 0.435
-177.90 -19.88 590.0 -105.61 39.80 6.138
-177.90 -19.88 590.0 11.94 78.93 4.940
-177.90 -19.88 590.0 11.94 78.93 5.840
-177.90 -19.88 590.0 11.94 78.93 4.840
-177.90 -19.88 590.0 11.94 78.93 4.740
-177.90 -19.88 590.0 27.01 69.76 1.863
-177.90 -19.88 590.0 27.01 69.76 2.163
-177.90 -19.88 590.0 -74.22 43.97 12.526
-177.90 -19.88 590.0 -66.15 18.11 12.766
-177.90 -19.88 590.0 -88.28 20.23 11.344
-177.90 -19.88 590.0 128.87 71.65 0.911
-177.90 -19.88 590.0 75.60 42.92 -3.787
-177.90 -19.88 590.0 108.92 34.03 2.525
-177.90 -19.88 590.0 108.92 34.03 3.825
-177.90 -19.88 590.0 129.68 62.03 0.654
-177.90 -19.88 590.0 -114.60 62.43 -0.346
-177.90 -19.88 590.0 -148.51 65.51 1.070
-177.45 -20.53 392.4 55.75 -21.16 -0.461
145.13 19.01 610.8 -106.46 34.95 3.836
145.13 19.01 610.8 -57.50 49.26 -4.364
145.13 19.01 610.8 29.21 50.69 -4.713
145.13 19.01 610.8 9.60 59.65 -0.312
145.13 19.01 610.8 -104.04 44.12 -2.095
145.13 19.01 610.8 -111.37 35.52 3.972
-177.41 -18.57 418.0 119.74 49.27 2.855
-177.41 -18.57 418.0 91.15 29.70 -0.553
-177.41 -18.57 418.0 87.69 43.82 12.771
-177.41 -18.57 418.0 108.92 34.03 -0.083
-177.41 -18.57 418.0 108.92 34.03 2.417
-69.48 -13.27 601.4 166.30 -22.10 -7.600
-69.48 -13.27 601.4 55.75 -21.16 -11.302
-69.48 -13.27 601.4 4.54 45.28 -1.271
-69.48 -13.27 601.4 58.12 37.93 -5.230
-69.48 -13.27 601.4 -62.35 82.50 -9.243
-69.48 -13.27 601.4 58.56 56.43 -8.703
-69.48 -13.27 601.4 -3.20 55.32 -4.958
-69.48 -13.27 601.4 146.25 -20.09 -4.942
-69.48 -13.27 601.4 27.01 69.76 -5.918
-69.48 -13.27 601.4 9.60 59.65 -4.465
-69.48 -13.27 601.4 117.23 -32.93 -6.814
-69.48 -13.27 601.4 13.40 42.35 -1.878
-175.88 -16.03 379.7 109.49 30.27 0.142
-175.88 -16.03 379.7 119.74 49.27 2.918
-175.88 -16.03 379.7 11.94 78.93 5.759
-175.88 -16.03 379.7 11.94 78.93 4.859
-175.88 -16.03 379.7 27.01 69.76 4.055
-175.88 -16.03 379.7 -61.98 -38.06 -0.012
-175.88 -16.03 379.7 -61.98 -38.06 0.588
-175.88 -16.03 379.7 107.05 47.87 1.063
-175.88 -16.03 379.7 108.92 34.03 0.400
-179.12 -20.10 679.6 119.74 49.27 3.518
-179.12 -20.10 679.6 -58.06 -51.68 -0.218
140.37 26.72 457.7 -106.46 34.95 2.362
140.37 26.72 457.7 -81.43 28.11 -0.252
-178.37 -17.33 558.9 103.84 36.09 9.310
-178.37 -17.33 558.9 11.94 78.93 6.441
-178.37 -17.33 558.9 11.94 78.93 6.441
-178.37 -17.33 558.9 -70.55 -40.73 3.151
-178.37 -17.33 558.9 119.74 49.27 3.929
-178.37 -17.33 558.9 74.49 42.64 10.107
-178.37 -17.33 558.9 -62.35 82.50 7.347
-178.69 -20.66 577.5 -71.56 42.51 7.972
-179.11 -21.04 642.6 119.74 49.27 1.835
-179.06 -20.71 646.2 78.55 17.42 -1.208
-179.06 -20.71 646.2 25.26 -28.61 2.780
-179.06 -20.71 646.2 -106.46 34.95 8.783
-179.06 -20.71 646.2 -71.56 42.51 9.287
-179.06 -20.71 646.2 11.94 78.93 8.868
179.10 -22.87 588.8 -78.45 0.24 4.386
179.10 -22.87 588.8 -63.18 -8.95 2.999
179.10 -22.87 588.8 -61.98 -38.06 -0.905
179.10 -22.87 588.8 -61.98 -38.06 -0.305
-178.13 -23.47 333.9 -114.59 62.48 -0.642
-178.13 -23.47 333.9 -106.46 34.95 5.672
133.63 38.62 460.4 70.21 -49.35 3.492
133.63 38.62 460.4 -149.58 -17.57 5.480
-178.40 -17.47 551.6 103.84 36.09 9.575
139.54 27.94 519.4 55.75 -21.16 2.366
139.54 27.94 519.4 4.54 45.28 1.990
139.54 27.94 519.4 5.53 22.79 -0.392
139.54 27.94 519.4 -99.18 19.33 3.428
139.54 27.94 519.4 -3.20 55.32 2.029
139.54 27.94 519.4 20.81 -32.38 3.307
139.54 27.94 519.4 -106.46 34.95 2.260
139.54 27.94 519.4 -71.56 42.51 -3.447
139.54 27.94 519.4 164.12 -74.70 1.084
-178.49 -17.85 649.7 74.49 42.64 7.867
-178.49 -17.85 649.7 -83.66 42.30 -2.916
128.47 -5.55 395.8 -117.11 32.89 0.864
128.47 -5.55 395.8 -122.71 48.72 1.760
128.47 -5.55 395.8 -122.09 49.00 2.214
128.47 -5.55 395.8 -111.10 42.77 -0.630
128.47 -5.55 395.8 13.40 42.35 0.526
128.47 -5.55 395.8 -118.83 35.13 0.092
128.47 -5.55 395.8 -123.50 48.06 3.866
128.47 -5.55 395.8 -122.10 48.26 2.549
128.47 -5.55 395.8 -119.10 35.34 -0.572
128.47 -5.55 395.8 -116.67 32.68 -0.111
128.47 -5.55 395.8 -128.11 52.18 4.919
128.47 -5.55 395.8 -116.92 34.26 0.144
128.47 -5.55 395.8 -115.45 33.66 0.169
128.47 -5.55 395.8 -121.87 37.95 -0.635
128.47 -5.55 395.8 -120.36 39.87 0.210
128.47 -5.55 395.8 -116.00 34.00 0.495
128.47 -5.55 395.8 -117.66 34.24 -0.043
128.47 -5.55 395.8 -86.52 39.17 -1.945
128.47 -5.55 395.8 -117.31 44.85 -0.569
128.47 -5.55 395.8 -122.17 37.13 0.906
128.47 -5.55 395.8 -116.37 33.33 0.539
128.47 -5.55 395.8 -116.67 33.49 0.175
128.47 -5.55 395.8 -124.57 47.95 4.813
128.47 -5.55 395.8 -122.97 47.72 3.754
128.47 -5.55 395.8 -99.74 38.81 -0.907
128.47 -5.55 395.8 -118.03 34.33 0.648
128.47 -5.55 395.8 -118.41 33.40 -0.358
128.47 -5.55 395.8 -120.39 38.03 0.146
128.47 -5.55 395.8 -147.85 64.87 1.643
128.47 -5.55 395.8 -147.85 64.87 0.543
128.47 -5.55 395.8 -123.30 44.59 2.946
128.47 -5.55 395.8 -116.74 33.57 -0.727
128.47 -5.55 395.8 -122.46 38.35 1.220
128.47 -5.55 395.8 -118.08 36.44 -1.404
128.47 -5.55 395.8 -123.77 47.12 3.649
128.47 -5.55 395.8 -122.80 47.11 2.817
128.47 -5.55 395.8 -121.99 47.19 2.628
128.47 -5.55 395.8 -115.38 34.64 -1.224
128.47 -5.55 395.8 -118.33 34.25 0.668
128.47 -5.55 395.8 -117.01 33.65 -0.874
128.47 -5.55 395.8 -118.46 34.11 0.052
128.47 -5.55 395.8 -116.10 32.66 -0.062
128.47 -5.55 395.8 -123.56 46.55 2.795
128.47 -5.55 395.8 -122.72 46.59 3.385
128.47 -5.55 395.8 -121.76 46.56 2.756
128.47 -5.55 395.8 -117.99 34.88 -0.112
128.47 -5.55 395.8 -120.73 40.62 -1.003
128.47 -5.55 395.8 -115.24 40.74 -1.658
128.47 -5.55 395.8 -123.56 45.93 2.878
128.47 -5.55 395.8 -122.42 45.93 3.183
128.47 -5.55 395.8 -121.46 45.88 1.849
128.47 -5.55 395.8 -123.00 37.70 1.200
128.47 -5.55 395.8 -118.29 33.71 -1.489
128.47 -5.55 395.8 -116.60 33.49 -0.744
128.47 -5.55 395.8 -116.86 36.47 0.445
128.47 -5.55 395.8 -121.32 45.24 0.173
128.47 -5.55 395.8 -122.72 39.65 2.772
128.47 -5.55 395.8 -117.37 37.00 0.587
128.47 -5.55 395.8 -116.81 35.30 -1.407
128.47 -5.55 395.8 -124.00 44.68 4.652
128.47 -5.55 395.8 -123.29 44.68 1.848
128.47 -5.55 395.8 -122.19 44.68 2.545
128.47 -5.55 395.8 -121.23 44.65 1.007
128.47 -5.55 395.8 -121.55 36.39 -0.166
128.47 -5.55 395.8 -121.46 40.82 1.298
128.47 -5.55 395.8 -119.53 46.39 -1.303
128.47 -5.55 395.8 -116.33 34.83 -0.315
128.47 -5.55 395.8 -119.02 36.68 -0.985
128.47 -5.55 395.8 -114.41 43.56 0.274
128.47 -5.55 395.8 -123.07 38.99 1.060
128.47 -5.55 395.8 -122.96 42.61 3.465
128.47 -5.55 395.8 -116.96 33.03 0.180
128.47 -5.55 395.8 -111.57 41.61 -1.402
128.47 -5.55 395.8 -123.83 44.00 4.076
128.47 -5.55 395.8 -123.28 43.97 2.111
128.47 -5.55 395.8 -121.27 44.16 1.580
128.47 -5.55 395.8 -115.15 34.16 0.130
128.47 -5.55 395.8 -118.47 35.66 -2.551
128.47 -5.55 395.8 -123.57 43.37 3.576
128.47 -5.55 395.8 -124.03 40.82 4.651
128.47 -5.55 395.8 -116.60 33.09 -0.339
128.47 -5.55 395.8 -122.24 37.40 -0.115
128.47 -5.55 395.8 -124.47 42.81 3.752
128.47 -5.55 395.8 -119.32 37.32 -0.692
128.47 -5.55 395.8 -116.71 33.71 -1.172
128.47 -5.55 395.8 -106.22 46.69 -4.396
128.47 -5.55 395.8 25.48 35.16 1.921
128.47 -5.55 395.8 -120.74 38.76 0.380
128.47 -5.55 395.8 -119.07 34.11 -0.740
128.47 -5.55 395.8 -121.88 50.61 1.834
128.47 -5.55 395.8 -117.68 35.48 0.163
128.47 -5.55 395.8 -119.42 46.46 -2.418
128.47 -5.55 395.8 -116.56 33.35 0.082
128.47 -5.55 395.8 -122.85 41.39 3.729
128.47 -5.55 395.8 -122.12 41.27 3.093
128.47 -5.55 395.8 -121.84 41.78 2.609
128.47 -5.55 395.8 -121.15 41.36 -0.188
128.47 -5.55 395.8 -120.48 41.20 -0.157
128.47 -5.55 395.8 4.27 39.90 0.323
128.47 -5.55 395.8 -118.15 38.43 -0.932
128.47 -5.55 395.8 -120.30 41.90 0.129
128.47 -5.55 395.8 -116.42 32.89 -0.136
128.47 -5.55 395.8 -119.81 34.89 1.195
128.47 -5.55 395.8 -113.94 46.83 -2.014
128.47 -5.55 395.8 -117.20 33.60 -0.705
128.47 -5.55 395.8 -118.06 34.22 -0.512
128.47 -5.55 395.8 -123.31 40.82 4.604
128.47 -5.55 395.8 -111.36 26.02 1.187
128.47 -5.55 395.8 -109.76 23.12 2.255
128.47 -5.55 395.8 -114.60 34.82 0.087
128.47 -5.55 395.8 -117.12 48.26 -2.184
128.47 -5.55 395.8 -122.79 40.18 2.257
128.47 -5.55 395.8 -122.03 40.00 2.508
128.47 -5.55 395.8 -121.09 40.32 0.700
128.47 -5.55 395.8 -120.92 39.96 -0.539
128.47 -5.55 395.8 -124.18 47.75 5.434
128.47 -5.55 395.8 -121.50 39.55 -0.239
128.47 -5.55 395.8 -118.72 34.61 -0.804
128.47 -5.55 395.8 -123.34 39.47 2.507
128.47 -5.55 395.8 -120.61 39.30 -0.398
128.47 -5.55 395.8 -121.29 37.01 -0.582
128.47 -5.55 395.8 -118.17 34.15 -0.856
128.47 -5.55 395.8 -116.46 33.61 -1.110
128.47 -5.55 395.8 -116.46 33.61 -1.010
128.47 -5.55 395.8 -116.46 33.61 -0.210
128.47 -5.55 395.8 -120.55 35.41 -2.585
128.47 -5.55 395.8 -120.54 35.95 0.278
128.47 -5.55 395.8 -116.86 33.35 -0.435
128.47 -5.55 395.8 -130.10 -25.07 6.588
128.47 -5.55 395.8 -122.01 38.63 0.224
128.47 -5.55 395.8 -121.38 38.84 -0.218
128.47 -5.55 395.8 -120.94 38.26 -0.701
128.47 -5.55 395.8 -120.08 38.70 0.987
128.47 -5.55 395.8 -119.45 38.52 0.430
128.47 -5.55 395.8 -119.05 38.09 0.959
128.47 -5.55 395.8 -119.24 36.31 -1.049
128.47 -5.55 395.8 -116.85 33.63 -0.714
128.47 -5.55 395.8 -94.90 74.69 -3.895
128.47 -5.55 395.8 -109.33 -27.13 3.946
128.47 -5.55 395.8 -118.40 33.74 -1.262
128.47 -5.55 395.8 -117.00 34.88 -1.382
128.47 -5.55 395.8 -121.33 37.50 -0.055
128.47 -5.55 395.8 -120.33 37.35 -0.178
128.47 -5.55 395.8 -119.85 37.88 0.095
128.47 -5.55 395.8 -118.17 37.50 2.003
128.47 -5.55 395.8 -119.71 34.44 -1.015
128.47 -5.55 395.8 -118.55 32.98 -0.589
128.47 -5.55 395.8 -119.64 34.00 -1.214
128.47 -5.55 395.8 -117.66 33.55 -0.250
128.47 -5.55 395.8 -120.50 34.57 -0.882
128.47 -5.55 395.8 -116.28 35.90 -0.584
128.47 -5.55 395.8 -117.28 35.89 -0.907
128.47 -5.55 395.8 -117.17 33.46 0.224
128.47 -5.55 395.8 -120.00 35.31 0.748
128.47 -5.55 395.8 -116.61 33.55 -0.156
128.47 -5.55 395.8 -117.25 32.84 -0.279
128.47 -5.55 395.8 -38.45 72.58 -2.166
128.47 -5.55 395.8 -121.79 39.23 0.784
128.47 -5.55 395.8 -117.10 34.11 0.429
128.47 -5.55 395.8 -115.80 32.94 -0.201
128.47 -5.55 395.8 -120.67 36.90 -0.780
128.47 -5.55 395.8 -119.71 37.01 -2.026
128.47 -5.55 395.8 -118.23 37.05 0.555
128.47 -5.55 395.8 -118.82 34.16 0.158
128.47 -5.55 395.8 -116.43 33.52 -1.695
128.47 -5.55 395.8 -110.78 32.31 2.211
128.47 -5.55 395.8 -115.92 35.44 0.224
128.47 -5.55 395.8 -120.78 36.36 0.371
128.47 -5.55 395.8 -120.12 36.34 -1.459
128.47 -5.55 395.8 -118.29 34.02 -0.180
128.47 -5.55 395.8 -121.24 36.02 -0.392
128.47 -5.55 395.8 -120.87 35.64 -0.231
128.47 -5.55 395.8 -119.90 35.87 -1.428
128.47 -5.55 395.8 -118.12 34.48 0.635
128.47 -5.55 395.8 -119.08 35.84 -1.099
128.47 -5.55 395.8 -117.33 34.56 -0.822
128.47 -5.55 395.8 -122.54 40.58 2.350
128.47 -5.55 395.8 -121.76 37.62 0.577
128.47 -5.55 395.8 -116.67 33.57 -0.146
128.47 -5.55 395.8 -118.64 42.43 -0.883
128.47 -5.55 395.8 -116.35 33.17 0.074
128.47 -5.55 395.8 -122.71 41.73 4.079
128.47 -5.55 395.8 -114.60 62.43 -3.243
128.47 -5.55 395.8 -114.62 62.56 -3.150
128.47 -5.55 395.8 -114.74 62.49 -2.447
128.47 -5.55 395.8 -148.51 65.51 2.056
-178.95 -20.81 650.6 25.26 -28.61 0.777
179.33 -22.49 611.1 51.86 -46.43 7.877
179.33 -22.49 611.1 78.55 17.42 -1.722
179.33 -22.49 611.1 87.69 43.82 -3.344
179.33 -22.49 611.1 -101.98 54.72 -0.263
179.33 -22.49 611.1 -76.84 -11.99 6.653
179.33 -22.49 611.1 20.81 -32.38 -0.237
179.33 -22.49 611.1 -99.74 38.81 3.448
179.33 -22.49 611.1 -105.61 39.80 9.012
179.31 -22.40 625.6 -62.35 82.50 7.534
136.70 45.47 356.6 -81.43 28.11 -1.596
136.70 45.47 356.6 -71.56 42.51 -1.732
136.70 45.47 356.6 -71.93 44.24 -1.761
136.70 45.47 356.6 -4.35 39.55 -0.242
179.83 -31.61 354.6 98.98 18.79 4.911
179.83 -31.61 354.6 -147.85 64.87 -0.334
179.83 -31.61 354.6 109.49 30.27 2.962
179.83 -31.61 354.6 119.74 49.27 2.672
179.83 -31.61 354.6 -105.61 39.80 8.663
179.83 -31.61 354.6 -68.91 -22.61 2.899
179.83 -31.61 354.6 -68.91 -22.61 3.599
179.83 -31.61 354.6 129.59 44.62 4.454
-178.18 -17.64 602.1 -62.35 82.50 5.333
-178.18 -17.64 602.1 -62.35 82.50 6.133
-178.18 -17.64 602.1 -71.56 42.51 10.775
-178.18 -17.64 602.1 11.94 78.93 6.279
-178.18 -17.64 602.1 11.94 78.93 6.279
-178.18 -17.64 602.1 11.94 78.93 5.279
-178.18 -17.64 602.1 11.94 78.93 5.279
-178.18 -17.64 602.1 -71.93 44.24 12.396
-178.18 -17.64 602.1 -70.70 -29.01 -0.194
-178.18 -17.64 602.1 -68.91 -22.61 5.895
-178.18 -17.64 602.1 -68.91 -22.61 6.695
-178.18 -17.64 602.1 -74.22 43.97 11.593
-178.18 -17.64 602.1 -73.91 41.01 12.658
-178.18 -17.64 602.1 55.75 -21.16 3.009
-178.18 -17.64 602.1 -50.62 67.00 5.125
-178.18 -17.64 602.1 -66.15 18.11 13.061
-178.18 -17.64 602.1 -61.98 -38.06 4.504
-178.18 -17.64 602.1 -61.98 -38.06 4.304
139.40 27.86 516.3 -106.46 34.95 2.510
139.40 27.86 516.3 18.54 4.43 0.151
-63.27 -26.16 566.0 32.79 39.87 -4.408
-63.27 -26.16 566.0 11.22 49.69 -3.103
-63.27 -26.16 566.0 166.30 -22.10 -2.995
-63.27 -26.16 566.0 4.54 45.28 -3.030
123.55 5.39 527.7 7.16 48.22 0.568
123.55 5.39 527.7 -121.40 36.60 -0.667
123.55 5.39 527.7 4.54 45.28 -4.919
123.55 5.39 527.7 -116.74 33.57 -3.011
123.55 5.39 527.7 -116.60 33.49 -3.824
123.55 5.39 527.7 -116.71 33.71 -2.356
123.55 5.39 527.7 -116.56 33.35 -3.396
123.55 5.39 527.7 -116.42 32.89 -3.008
123.55 5.39 527.7 -116.46 33.61 -2.988
123.55 5.39 527.7 -116.85 33.63 -2.100
123.55 5.39 527.7 -116.61 33.55 -3.137
123.55 5.39 527.7 -117.25 32.84 -2.069
123.55 5.39 527.7 -116.43 33.52 -3.872
123.55 5.39 527.7 -116.67 33.57 -2.428
123.55 5.39 527.7 -116.35 33.17 -3.599
123.55 5.39 527.7 -121.87 37.95 -0.955
123.55 5.39 527.7 -122.46 38.35 -1.914
123.55 5.39 527.7 -121.29 37.01 -0.886
123.55 5.39 527.7 -118.83 35.13 -1.048
123.55 5.39 527.7 -119.10 35.34 -1.718
123.55 5.39 527.7 -116.67 32.68 -3.188
123.55 5.39 527.7 -116.92 34.26 -1.749
123.55 5.39 527.7 -115.45 33.66 -3.288
123.55 5.39 527.7 -117.26 33.58 -2.177
123.55 5.39 527.7 -116.00 34.00 -2.775
123.55 5.39 527.7 -117.66 34.24 -1.951
123.55 5.39 527.7 -118.03 34.33 -1.568
123.55 5.39 527.7 -118.41 33.40 -2.078
123.55 5.39 527.7 -115.38 34.64 -3.186
123.55 5.39 527.7 -118.33 34.25 -1.155
123.55 5.39 527.7 -117.01 33.65 -2.164
123.55 5.39 527.7 -118.46 34.11 -1.674
123.55 5.39 527.7 -116.10 32.66 -2.826
123.55 5.39 527.7 -117.99 34.88 -1.930
123.55 5.39 527.7 -118.29 33.71 -2.208
123.55 5.39 527.7 -116.86 36.47 -2.258
123.55 5.39 527.7 -114.83 33.05 -3.540
123.55 5.39 527.7 -117.37 37.00 -2.430
123.55 5.39 527.7 -116.81 35.30 -3.102
123.55 5.39 527.7 -116.33 34.83 -2.496
123.55 5.39 527.7 -115.15 34.16 -3.223
123.55 5.39 527.7 -118.47 35.66 -3.085
123.55 5.39 527.7 -116.60 33.09 -2.217
123.55 5.39 527.7 -119.07 34.11 -1.479
123.55 5.39 527.7 -117.68 35.48 -2.452
123.55 5.39 527.7 -117.49 36.06 -2.201
123.55 5.39 527.7 -119.81 34.89 -1.065
123.55 5.39 527.7 -118.06 34.22 -1.828
123.55 5.39 527.7 -114.60 34.82 -2.858
123.55 5.39 527.7 -118.72 34.61 -1.137
123.55 5.39 527.7 -118.17 34.15 -1.875
123.55 5.39 527.7 -114.14 34.30 -3.097
123.55 5.39 527.7 -116.86 33.35 -1.921
123.55 5.39 527.7 -118.40 33.74 -1.983
123.55 5.39 527.7 -119.71 34.44 -1.470
123.55 5.39 527.7 -118.55 32.98 -0.609
123.55 5.39 527.7 -119.64 34.00 -1.564
123.55 5.39 527.7 -117.66 33.55 -2.253
123.55 5.39 527.7 -116.28 35.90 -2.871
123.55 5.39 527.7 -120.00 35.31 -1.418
123.55 5.39 527.7 -119.52 33.25 -1.486
123.55 5.39 527.7 -117.10 34.11 -2.666
123.55 5.39 527.7 -115.80 32.94 -3.861
123.55 5.39 527.7 -118.82 34.16 -1.274
123.55 5.39 527.7 -115.92 35.44 -2.454
123.55 5.39 527.7 -118.29 34.02 -2.000
123.55 5.39 527.7 -118.12 34.48 -1.385
123.55 5.39 527.7 -117.33 34.56 -2.024
123.55 5.39 527.7 7.88 54.18 -2.124
123.55 5.39 527.7 -7.54 40.40 -3.865
123.55 5.39 527.7 9.19 48.77 -1.899
123.55 5.39 527.7 6.15 49.66 1.513
123.55 5.39 527.7 -62.35 82.50 -2.480
123.55 5.39 527.7 -62.35 82.50 -2.480
141.95 24.83 532.5 51.86 -46.43 4.001
141.95 24.83 532.5 70.21 -49.35 5.027
141.95 24.83 532.5 -99.18 19.33 0.651
141.95 24.83 532.5 -6.18 36.64 -0.441
141.95 24.83 532.5 20.81 -32.38 3.335
141.95 24.83 532.5 38.69 8.90 5.470
141.95 24.83 532.5 11.22 49.69 -0.276
141.95 24.83 532.5 -4.35 39.55 0.513
141.95 24.83 532.5 17.58 -19.20 3.886
141.95 24.83 532.5 9.38 39.50 0.187
141.95 24.83 532.5 14.52 35.87 1.903
141.95 24.83 532.5 -99.74 38.81 -2.156
141.95 24.83 532.5 -105.61 39.80 2.355
141.95 24.83 532.5 -71.93 44.24 -3.452
141.95 24.83 532.5 -73.22 41.68 -3.804
141.95 24.83 532.5 -79.85 39.66 -3.351
141.95 24.83 532.5 -108.73 41.17 -4.506
131.60 42.83 518.0 -80.42 37.21 -3.746
131.60 42.83 518.0 -71.56 42.51 -2.498
131.60 42.83 518.0 -71.93 44.24 -2.029
131.60 42.83 518.0 -149.58 -17.57 3.099
131.60 42.83 518.0 -77.89 40.64 -5.139
145.70 17.71 526.2 30.51 37.84 -3.305
145.70 17.71 526.2 35.20 31.77 -1.807
145.70 17.71 526.2 29.21 50.69 -4.360
145.70 17.71 526.2 4.27 39.90 -1.293
145.70 17.71 526.2 19.89 47.92 -2.032
145.70 17.71 526.2 45.50 23.52 -0.533
117.58 -7.11 522.1 4.54 45.28 -5.435
117.58 -7.11 522.1 5.53 22.79 2.813
117.58 -7.11 522.1 35.20 31.77 -3.213
117.58 -7.11 522.1 25.60 -25.02 -6.907
117.58 -7.11 522.1 -3.20 55.32 -1.844
117.58 -7.11 522.1 -123.30 44.59 1.271
117.58 -7.11 522.1 27.01 69.76 -1.091
117.58 -7.11 522.1 27.01 69.76 -0.991
117.58 -7.11 522.1 -4.35 39.55 0.381
117.58 -7.11 522.1 13.40 42.35 1.930
117.58 -7.11 522.1 -117.12 48.26 -0.367
-179.35 -17.88 630.4 -147.85 64.87 -0.622
-179.35 -17.88 630.4 119.74 49.27 5.518
-179.35 -17.88 630.4 -90.29 -0.67 11.078
144.60 46.63 392.4 -99.18 19.33 1.698
144.60 46.63 392.4 -7.54 40.40 0.147
144.60 46.63 392.4 -76.84 -11.99 -5.142
144.60 46.63 392.4 -81.43 28.11 -2.020
144.60 46.63 392.4 -4.35 39.55 -0.026
144.60 46.63 392.4 -70.63 8.88 -0.023
-179.91 -23.44 538.7 73.69 42.13 11.099
-179.91 -23.44 538.7 -128.11 52.18 4.901
-179.91 -23.44 538.7 -86.52 39.17 0.347
-179.91 -23.44 538.7 -122.97 47.72 5.143
-179.91 -23.44 538.7 -99.74 38.81 1.790
-179.91 -23.44 538.7 -147.85 64.87 1.646
-179.91 -23.44 538.7 -123.30 44.59 6.469
-179.91 -23.44 538.7 -112.81 40.19 5.914
-179.91 -23.44 538.7 -115.24 40.74 4.503
-179.91 -23.44 538.7 -119.53 46.39 3.661
-179.91 -23.44 538.7 -111.57 41.61 5.689
-179.91 -23.44 538.7 -70.70 -29.01 1.032
-179.91 -23.44 538.7 -121.88 50.61 1.987
-179.91 -23.44 538.7 -117.12 48.26 1.525
-179.91 -23.44 538.7 -78.45 0.24 11.260
-179.91 -23.44 538.7 -90.29 -0.67 7.806
-179.91 -23.44 538.7 55.75 -21.16 4.548
-179.91 -23.44 538.7 -104.04 44.12 2.634
-179.91 -23.44 538.7 -104.04 44.12 2.434
-179.91 -23.44 538.7 -79.14 44.77 -0.876
-179.91 -23.44 538.7 -66.15 18.11 -0.650
-179.91 -23.44 538.7 -88.28 20.23 2.189
-179.91 -23.44 538.7 -61.98 -38.06 2.301
-179.91 -23.44 538.7 -61.98 -38.06 2.101
-178.47 -17.73 571.2 119.74 49.27 5.699
-178.47 -17.73 571.2 -63.18 -8.95 7.059
-178.47 -17.73 571.2 -63.18 -8.95 7.159
-178.66 -17.23 554.8 -95.84 29.96 3.597
-178.66 -17.23 554.8 -70.68 -33.15 -2.306
-178.66 -17.23 554.8 -59.97 -0.73 13.856
-178.66 -17.23 554.8 107.05 47.87 2.458
-61.46 -23.32 586.3 27.01 69.76 -3.226
-61.46 -23.32 586.3 42.69 43.96 -3.115
-61.46 -23.32 586.3 36.57 55.11 -6.089
-179.21 -18.89 684.3 -90.29 -0.67 7.369
123.63 8.31 642.4 -53.53 69.25 -5.599
123.63 8.31 642.4 -104.04 44.12 -4.932
123.63 8.31 642.4 -106.46 34.95 -3.946
133.61 43.22 446.5 5.53 22.79 1.713
-178.40 -17.69 565.2 78.55 17.42 0.010
-178.40 -17.69 565.2 103.84 36.09 10.632
-178.40 -17.69 565.2 58.12 37.93 3.753
-178.40 -17.69 565.2 88.44 69.50 0.025
-178.40 -17.69 565.2 -71.56 42.51 10.345
-178.40 -17.69 565.2 -66.15 18.11 9.378
-178.52 -20.94 632.5 -68.12 -16.27 1.050
-178.52 -20.94 632.5 -147.79 64.90 -2.522
-179.75 -23.31 554.5 -104.04 44.12 0.363
139.03 29.03 477.0 70.21 -49.35 3.604
139.03 29.03 477.0 55.75 -21.16 3.658
139.03 29.03 477.0 5.53 22.79 3.165
139.03 29.03 477.0 18.42 5.18 0.965
139.03 29.03 477.0 25.26 -28.61 0.945
139.03 29.03 477.0 25.60 -25.02 3.002
139.03 29.03 477.0 20.81 -32.38 4.565
139.03 29.03 477.0 -110.78 32.31 2.259
139.03 29.03 477.0 31.83 29.93 -1.583
139.03 29.03 477.0 -71.93 44.24 -1.756
139.03 29.03 477.0 -74.85 42.04 -2.245
139.03 29.03 477.0 -88.30 38.92 -2.392
139.03 29.03 477.0 -89.33 38.67 -3.027
139.03 29.03 477.0 -90.56 38.51 -3.752
179.86 -23.74 543.3 -61.98 -38.06 0.514
-63.40 -24.95 571.6 7.16 48.22 -2.957
-63.40 -24.95 571.6 -158.01 21.42 -2.830
-63.40 -24.95 571.6 -158.01 21.42 -2.830
-63.40 -24.95 571.6 -135.33 57.06 2.780
-63.40 -24.95 571.6 16.41 50.36 -4.299
-63.40 -24.95 571.6 25.53 37.07 -7.997
-63.40 -24.95 571.6 34.95 29.67 -1.708
-63.40 -24.95 571.6 7.88 54.18 -4.427
-63.40 -24.95 571.6 11.94 78.93 -2.792
-63.40 -24.95 571.6 11.94 78.93 -2.792
-63.40 -24.95 571.6 38.43 38.31 -4.152
-63.40 -24.95 571.6 17.54 49.78 -3.574
-63.40 -24.95 571.6 19.89 47.92 -5.132
-63.40 -24.95 571.6 13.32 54.55 -3.692
-63.40 -24.95 571.6 13.78 52.48 -5.060
-63.40 -24.95 571.6 9.19 48.77 -4.142
-63.40 -24.95 571.6 -38.45 72.58 -6.642
-63.40 -24.95 571.6 23.18 54.01 -5.034
-63.40 -24.95 571.6 26.73 58.46 -7.099
-63.40 -24.95 571.6 8.33 48.33 -3.900
-63.40 -24.95 571.6 -21.33 64.75 1.719
-63.40 -24.95 571.6 -21.33 64.75 1.719
-63.48 -24.55 570.1 16.41 50.36 -3.021
-63.48 -24.55 570.1 26.73 58.46 -2.231
-178.40 -17.96 603.2 55.75 -21.16 1.784
-178.40 -17.96 603.2 -76.84 -11.99 6.623
-178.40 -17.96 603.2 -91.24 38.06 2.487
-178.40 -17.96 603.2 -71.56 42.51 10.775
179.67 -31.13 452.0 -99.18 19.33 8.065
179.67 -31.13 452.0 116.17 40.02 0.718
179.67 -31.13 452.0 119.74 49.27 4.624
179.67 -31.13 452.0 91.15 29.70 1.170
179.67 -31.13 452.0 108.92 34.03 2.337
179.67 -31.13 452.0 -36.49 -54.28 -1.159
179.67 -31.13 452.0 78.62 50.72 -2.225
179.67 -31.13 452.0 98.98 18.79 6.065
179.67 -31.13 452.0 -70.63 8.88 11.226
179.67 -31.13 452.0 -110.78 32.31 8.625
-178.26 -18.79 641.3 -76.84 -11.99 4.567
-178.26 -18.79 641.3 -76.84 -11.99 4.467
-178.26 -18.79 641.3 -90.29 -0.67 9.176
-71.29 -8.97 610.5 7.16 48.22 -7.381
-71.29 -8.97 610.5 166.30 -22.10 -2.599
-71.29 -8.97 610.5 168.31 -17.74 0.037
-71.29 -8.97 610.5 16.41 50.36 -3.349
-71.29 -8.97 610.5 25.95 45.49 -2.545
-71.29 -8.97 610.5 6.15 49.66 -6.001
-71.29 -8.97 610.5 18.42 5.18 -4.769
-71.29 -8.97 610.5 25.26 -28.61 -7.813
-71.29 -8.97 610.5 8.33 48.33 -7.120
-71.29 -8.97 610.5 42.69 43.96 -4.569
-71.29 -8.97 610.5 147.32 -42.91 -4.229
-71.29 -8.97 610.5 11.22 49.69 -4.934
-71.29 -8.97 610.5 27.01 69.76 -3.634
-71.53 -7.28 603.5 18.54 4.43 -4.764
137.88 31.75 405.4 -106.46 34.95 3.599
137.88 31.75 405.4 -80.42 37.21 -1.316
137.88 31.75 405.4 -105.61 39.80 0.198
137.88 31.75 405.4 -103.67 29.33 -0.222
137.88 31.75 405.4 55.75 -21.16 1.988
137.88 31.75 405.4 10.39 44.16 -1.516
137.88 31.75 405.4 -106.92 34.07 3.084
-178.87 -17.62 546.6 51.86 -46.43 4.793
-178.87 -17.62 546.6 -70.68 -33.15 -0.097
-178.87 -17.62 546.6 -57.33 -26.33 3.255
-178.87 -17.62 546.6 -70.55 -40.73 4.457
-178.87 -17.62 546.6 102.74 25.12 5.690
-178.87 -17.62 546.6 58.56 56.43 5.936
-178.87 -17.62 546.6 70.28 53.06 6.531
-178.87 -17.62 546.6 -36.49 -54.28 3.690
-178.87 -17.62 546.6 103.64 51.68 3.178
-178.87 -17.62 546.6 98.98 18.79 5.562
-178.87 -17.62 546.6 -95.84 29.96 3.083
-178.87 -17.62 546.6 -71.56 42.51 12.660
-178.87 -17.62 546.6 27.01 69.76 4.387
-178.87 -17.62 546.6 -59.97 -0.73 12.439
-178.87 -17.62 546.6 107.05 47.87 2.797
-178.87 -17.62 546.6 -71.93 44.24 13.463
-178.87 -17.62 546.6 -73.22 41.68 11.984
-178.87 -17.62 546.6 -73.90 41.67 11.395
-179.52 -21.96 601.4 58.12 37.93 1.399
-179.52 -21.96 601.4 -71.56 42.51 12.578
-179.52 -21.96 601.4 27.01 69.76 2.183
-179.52 -21.96 601.4 -66.15 18.11 13.143
137.72 32.31 370.6 -80.42 37.21 -5.581
139.74 28.30 455.1 -74.53 44.55 -2.953
139.74 28.30 455.1 -93.70 50.86 -2.200
139.74 28.30 455.1 -106.46 34.95 6.542
-177.96 -17.36 587.4 -71.56 42.51 9.384
130.45 43.53 570.4 51.86 -46.43 -0.214
130.45 43.53 570.4 140.00 -66.67 -3.447
130.45 43.53 570.4 -149.58 -17.57 7.596
130.45 43.53 570.4 -99.18 19.33 2.058
130.45 43.53 570.4 18.42 5.18 -3.624
130.45 43.53 570.4 25.26 -28.61 -4.814
130.45 43.53 570.4 -4.86 6.67 -6.389
130.45 43.53 570.4 24.75 -28.31 -5.517
130.45 43.53 570.4 24.58 -28.44 -6.218
130.45 43.53 570.4 24.68 -28.54 -5.020
130.45 43.53 570.4 24.94 -28.67 -6.319
130.45 43.53 570.4 24.78 -28.63 -6.120
130.45 43.53 570.4 24.88 -28.67 -5.719
130.45 43.53 570.4 24.97 -28.67 -6.218
-178.00 -19.90 599.9 116.17 40.02 3.649
-178.00 -19.90 599.9 108.92 34.03 1.874
-178.00 -19.90 599.9 -114.62 62.56 -0.492
178.34 -26.42 631.4 102.74 25.12 0.739
178.34 -26.42 631.4 -62.35 82.50 7.609
139.03 29.96 397.9 -93.70 50.86 -5.605
135.57 35.44 366.4 13.40 42.35 -0.211
-179.71 -23.70 503.3 -68.08 -16.17 5.926
-179.71 -23.70 503.3 87.69 43.82 -3.220
-179.71 -23.70 503.3 -62.35 82.50 5.490
-179.71 -23.70 503.3 -77.89 40.64 12.227
-179.71 -23.70 503.3 -111.10 42.77 7.600
-179.71 -23.70 503.3 -108.54 40.11 6.928
-179.71 -23.70 503.3 -108.77 40.96 5.731
-179.71 -23.70 503.3 -108.73 41.01 5.923
-179.71 -23.70 503.3 -108.02 40.46 7.046
-179.71 -23.70 503.3 -108.29 40.87 6.270
-179.71 -23.70 503.3 -108.73 41.17 5.816
-179.71 -23.70 503.3 -108.74 40.41 5.347
-179.71 -23.70 503.3 -108.38 40.76 6.086
-179.71 -23.70 503.3 -108.65 40.93 5.815
138.70 30.33 425.7 -81.43 28.11 -0.707
-178.71 -20.92 598.6 -147.79 64.90 0.894
-178.71 -20.92 598.6 -71.56 42.51 10.026
-178.73 -17.56 581.4 79.22 41.20 0.523
-178.73 -17.56 581.4 103.84 36.09 9.185
-178.73 -17.56 581.4 103.64 51.68 2.130
-178.73 -17.56 581.4 98.98 18.79 2.929
-178.73 -17.56 581.4 -71.56 42.51 6.464
-178.73 -17.56 581.4 -68.12 46.93 -3.123
-178.73 -17.56 581.4 -74.53 44.55 3.273
139.09 29.71 416.9 -106.46 34.95 5.073
139.09 29.71 416.9 -81.43 28.11 0.911
139.09 29.71 416.9 -105.61 39.80 1.054
139.09 29.71 416.9 -99.80 30.48 2.463
139.09 29.71 416.9 -103.67 29.33 0.482
139.09 29.71 416.9 -4.35 39.55 -4.620
139.09 29.71 416.9 -73.91 41.01 -3.708
139.09 29.71 416.9 -110.78 32.31 2.228
139.09 29.71 416.9 -86.29 38.23 -3.763
-178.74 -20.36 599.6 103.64 51.68 0.079
151.43 -3.45 398.9 -120.39 38.03 5.032
151.43 -3.45 398.9 -123.07 38.99 4.133
151.43 -3.45 398.9 -122.96 42.61 6.982
151.43 -3.45 398.9 -124.03 40.82 5.636
151.43 -3.45 398.9 -119.32 37.32 5.097
151.43 -3.45 398.9 -120.54 35.95 5.442
151.43 -3.45 398.9 -116.67 32.68 5.262
151.43 -3.45 398.9 -117.66 34.24 4.835
151.43 -3.45 398.9 -117.99 34.88 5.769
151.43 -3.45 398.9 -115.66 34.78 4.689
151.43 -3.45 398.9 -115.15 34.16 4.532
151.43 -3.45 398.9 -118.19 34.17 5.815
151.43 -3.45 398.9 -121.88 50.61 4.362
151.43 -3.45 398.9 -114.62 62.56 1.085
151.43 -3.45 398.9 -62.35 82.50 4.175
151.43 -3.45 398.9 -62.35 82.50 4.175
-179.44 -21.71 614.3 -74.53 44.55 10.410
-62.91 -28.38 611.6 7.16 48.22 -3.673
-62.91 -28.38 611.6 -158.01 21.42 -2.851
-62.91 -28.38 611.6 55.75 -21.16 4.008
-62.91 -28.38 611.6 4.54 45.28 -3.633
-62.91 -28.38 611.6 16.41 50.36 -3.419
-62.91 -28.38 611.6 24.89 34.98 -3.284
-62.91 -28.38 611.6 34.95 29.67 -3.832
-62.91 -28.38 611.6 35.20 31.77 -4.480
-62.91 -28.38 611.6 11.94 78.93 -4.836
-62.91 -28.38 611.6 25.95 45.49 -3.476
-62.91 -28.38 611.6 17.54 49.78 -3.406
-62.91 -28.38 611.6 35.39 33.12 -5.216
-62.91 -28.38 611.6 30.32 59.77 -10.764
-62.91 -28.38 611.6 13.32 54.55 -3.052
-62.91 -28.38 611.6 13.78 52.48 -4.347
-62.91 -28.38 611.6 9.19 48.77 -3.259
-62.91 -28.38 611.6 6.15 49.66 -1.723
-62.91 -28.38 611.6 58.56 56.43 -6.642
-62.91 -28.38 611.6 8.33 48.33 -4.319
-62.91 -28.38 611.6 -3.20 55.32 -3.899
-62.91 -28.38 611.6 42.69 43.96 -4.571
-62.91 -28.38 611.6 45.50 23.52 -4.296
-62.91 -28.38 611.6 147.32 -42.91 -3.620
-62.91 -28.38 611.6 -147.85 64.87 -5.370
-62.91 -28.38 611.6 11.22 49.69 -2.174
-62.91 -28.38 611.6 11.94 78.93 -4.836
-62.91 -28.38 611.6 27.01 69.76 -7.705
-62.91 -28.38 611.6 27.01 69.76 -7.705
-62.91 -28.38 611.6 29.21 50.69 -6.628
-62.91 -28.38 611.6 -158.01 21.42 -2.851
-62.91 -28.38 611.6 -158.01 21.42 -3.051
-62.91 -28.38 611.6 9.60 59.65 -4.180
-62.91 -28.38 611.6 9.60 59.65 -4.080
-62.91 -28.38 611.6 -4.35 39.55 -4.585
-62.91 -28.38 611.6 -149.61 63.00 -3.431
-62.91 -28.38 611.6 -149.08 64.58 -5.216
-62.91 -28.38 611.6 -150.06 62.15 -4.384
-62.91 -28.38 611.6 -148.77 63.66 -3.075
-62.91 -28.38 611.6 38.57 39.45 -4.896
-62.91 -28.38 611.6 39.98 7.03 4.146
-62.91 -28.38 611.6 39.98 7.03 3.946
-62.91 -28.38 611.6 -149.61 63.00 -4.331
-62.91 -28.38 611.6 38.57 39.45 -5.896
-62.91 -28.38 611.6 -149.08 64.58 -5.316
-62.91 -28.38 611.6 -150.06 62.15 -4.384
-62.91 -28.38 611.6 -148.77 63.66 -3.175
-62.90 -28.37 613.1 4.54 45.28 -4.139
-62.90 -28.37 613.1 16.41 50.36 -3.099
-62.90 -28.37 613.1 30.51 37.84 -2.556
-62.90 -28.37 613.1 35.20 31.77 -3.962
-62.90 -28.37 613.1 11.94 78.93 -3.743
-62.90 -28.37 613.1 25.50 35.18 -2.280
-62.90 -28.37 613.1 13.78 52.48 -5.111
-62.90 -28.37 613.1 8.33 48.33 -4.907
-62.90 -28.37 613.1 -3.20 55.32 -4.123
-62.90 -28.37 613.1 42.69 43.96 -4.573
-62.90 -28.37 613.1 45.50 23.52 -3.694
-62.90 -28.37 613.1 11.22 49.69 -1.954
-62.90 -28.37 613.1 11.94 78.93 -3.743
-62.90 -28.37 613.1 27.01 69.76 -6.669
-62.90 -28.37 613.1 29.21 50.69 -5.805
-62.90 -28.37 613.1 -158.01 21.42 -4.167
-62.90 -28.37 613.1 9.60 59.65 -3.593
-62.90 -28.37 613.1 -4.35 39.55 -4.922
138.44 30.71 395.2 -93.70 50.86 -4.906
138.44 30.71 395.2 -104.04 44.12 -3.076
179.92 -17.65 606.4 79.22 41.20 -6.392
179.92 -17.65 606.4 103.64 51.68 5.313
179.92 -17.65 606.4 -71.56 42.51 11.565
-177.23 -17.04 415.9 -85.57 35.60 0.601
-177.23 -17.04 415.9 -104.04 44.12 1.715
-176.95 -17.91 363.8 51.86 -46.43 4.401
-176.95 -17.91 363.8 -70.68 -33.15 0.363
-176.95 -17.91 363.8 -47.43 -23.59 2.048
-176.95 -17.91 363.8 -85.67 12.45 6.696
-176.95 -17.91 363.8 -18.66 76.77 5.513
-176.95 -17.91 363.8 11.94 78.93 7.288
-176.95 -17.91 363.8 25.60 -25.02 3.422
-176.95 -17.91 363.8 109.49 30.27 2.912
-176.95 -17.91 363.8 109.49 30.27 2.912
-176.95 -17.91 363.8 74.49 42.64 4.227
-176.95 -17.91 363.8 58.12 37.93 7.075
-176.95 -17.91 363.8 -58.06 -51.68 0.280
-176.95 -17.91 363.8 -36.49 -54.28 -1.736
-176.95 -17.91 363.8 80.70 7.27 5.269
-176.95 -17.91 363.8 11.94 78.93 7.288
-176.95 -17.91 363.8 74.51 42.23 3.209
-176.95 -17.91 363.8 39.58 -69.01 -3.142
123.92 5.67 473.3 -118.17 34.15 -5.901
-177.68 -18.84 407.9 -68.12 -16.27 7.563
-63.28 -28.43 567.2 7.16 48.22 -2.900
-63.28 -28.43 567.2 4.54 45.28 -0.498
-63.28 -28.43 567.2 6.15 49.66 -0.624
-63.28 -28.43 567.2 -3.20 55.32 -2.792
-63.28 -28.43 567.2 42.69 43.96 -4.212
-63.28 -28.43 567.2 -171.78 -13.91 -1.466
-63.28 -28.43 567.2 -147.79 64.90 -6.438
-63.28 -28.43 567.2 44.74 40.15 -2.436
-63.28 -28.43 567.2 11.22 49.69 0.216
-63.28 -28.43 567.2 27.01 69.76 0.343
-63.28 -28.43 567.2 117.23 -32.93 -10.080
-71.15 -9.23 613.3 28.28 -25.73 -5.319
-71.15 -9.23 613.3 147.32 -42.91 -5.039
155.20 -4.45 507.1 42.85 11.53 0.784
155.20 -4.45 507.1 -70.68 -33.15 0.158
155.20 -4.45 507.1 -99.18 19.33 5.528
155.20 -4.45 507.1 16.41 50.36 -3.054
155.20 -4.45 507.1 11.94 78.93 2.085
155.20 -4.45 507.1 -70.55 -40.73 4.302
155.20 -4.45 507.1 74.49 42.64 0.041
155.20 -4.45 507.1 -58.06 -51.68 -0.210
155.20 -4.45 507.1 11.94 78.93 2.085
155.20 -4.45 507.1 27.01 69.76 -3.860
155.20 -4.45 507.1 29.21 50.69 -0.027
155.20 -4.45 507.1 -118.17 34.15 5.289
155.20 -4.45 507.1 -99.74 38.81 1.073
139.77 28.11 453.7 28.28 -25.73 2.656
139.77 28.11 453.7 -116.46 33.61 -0.406
139.77 28.11 453.7 20.81 -32.38 4.968
139.77 28.11 453.7 31.83 29.93 -2.224
139.77 28.11 453.7 9.38 39.50 0.039
139.77 28.11 453.7 -116.46 33.61 -0.506
-178.22 -17.74 530.5 55.75 -21.16 4.189
-178.22 -17.74 530.5 103.84 36.09 7.467
-178.22 -17.74 530.5 74.49 42.64 8.804
-178.22 -17.74 530.5 -58.06 -51.68 -1.040
-178.22 -17.74 530.5 34.65 67.90 1.631
-178.22 -17.74 530.5 -76.84 -11.99 9.368
-178.22 -17.74 530.5 103.64 51.68 3.289
-178.22 -17.74 530.5 -95.84 29.96 3.042
-178.22 -17.74 530.5 -71.56 42.51 15.116
-178.22 -17.74 530.5 128.87 71.65 -1.598
-178.22 -17.74 530.5 107.05 47.87 3.767
-178.22 -17.74 530.5 -74.22 43.97 17.810
-178.49 -17.92 576.3 -95.84 29.96 4.081
-178.49 -17.92 576.3 11.94 78.93 5.227
-178.49 -17.92 576.3 11.94 78.93 5.227
-178.49 -17.92 576.3 -61.98 -38.06 1.884
-178.49 -17.92 576.3 -86.29 38.23 1.369
-178.49 -17.92 576.3 -86.29 38.23 1.369
-71.57 -8.19 602.4 27.01 69.76 -3.834
-71.57 -8.19 602.4 28.28 -25.73 -5.756
-71.57 -8.19 602.4 147.32 -42.91 -4.270
-71.57 -8.19 602.4 58.56 56.43 -6.588
-71.57 -8.19 602.4 18.54 4.43 -4.822
-179.20 -19.29 689.7 -99.80 30.48 3.653
-179.20 -19.29 689.7 -61.98 -38.06 -0.890
-179.20 -19.29 689.7 -61.98 -38.06 -0.890
-71.65 -8.54 590.3 166.30 -22.10 -2.314
-71.65 -8.54 590.3 147.32 -42.91 -3.743
-71.65 -8.54 590.3 -62.35 82.50 -8.771
-71.65 -8.54 590.3 42.69 43.96 -4.734
-71.65 -8.54 590.3 88.44 69.50 -7.476
-71.65 -8.54 590.3 9.60 59.65 -3.863
139.24 46.69 438.5 -77.86 40.79 -7.169
139.24 46.69 438.5 18.54 4.43 -3.742
150.16 -4.44 493.9 -118.72 34.61 3.290
150.16 -4.44 493.9 -62.35 82.50 4.424
150.16 -4.44 493.9 8.33 48.33 0.862
150.16 -4.44 493.9 34.65 67.90 -0.570
150.16 -4.44 493.9 45.50 23.52 -1.749
150.16 -4.44 493.9 -109.33 -27.13 8.357
150.16 -4.44 493.9 44.74 40.15 1.743
150.16 -4.44 493.9 11.22 49.69 0.057
150.16 -4.44 493.9 27.01 69.76 0.258
150.16 -4.44 493.9 27.01 69.76 0.458
150.16 -4.44 493.9 9.60 59.65 -3.865
150.16 -4.44 493.9 -110.78 32.31 7.741
150.16 -4.44 493.9 39.98 7.03 0.419
150.16 -4.44 493.9 39.98 7.03 -0.581
-63.03 -28.59 602.7 7.16 48.22 -2.916
-63.03 -28.59 602.7 4.54 45.28 -2.416
-63.03 -28.59 602.7 35.09 31.72 -2.067
-63.03 -28.59 602.7 9.19 48.77 -2.991
-63.03 -28.59 602.7 6.15 49.66 -0.647
-63.03 -28.59 602.7 58.12 37.93 -7.025
-63.03 -28.59 602.7 58.56 56.43 -5.564
-63.03 -28.59 602.7 -3.20 55.32 -4.054
-63.03 -28.59 602.7 147.32 -42.91 -4.430
-63.03 -28.59 602.7 134.36 -19.93 -8.782
-63.03 -28.59 602.7 -147.79 64.90 -5.131
-63.03 -28.59 602.7 11.22 49.69 -2.091
-63.03 -28.59 602.7 27.01 69.76 -6.795
-63.03 -28.59 602.7 9.60 59.65 -3.385
-63.03 -28.59 602.7 117.23 -32.93 -8.827
-63.03 -28.59 602.7 31.83 29.93 -3.593
141.87 48.87 611.7 140.01 -66.67 -2.217
141.87 48.87 611.7 -16.95 14.39 -3.191
141.87 48.87 611.7 5.53 22.79 0.500
-179.25 -19.36 684.4 -106.46 34.95 7.009
-179.25 -19.36 684.4 -80.42 37.21 0.247
-179.25 -19.36 684.4 -96.61 43.73 3.478
-179.25 -19.36 684.4 -96.61 43.73 2.378
-179.25 -19.36 684.4 -112.49 45.17 2.116
-179.25 -19.36 684.4 -105.61 39.80 7.118
-179.25 -19.36 684.4 -99.80 30.48 2.847
-179.25 -19.36 684.4 -104.04 44.12 4.277
-179.25 -19.36 684.4 -61.98 -38.06 -0.238
-179.25 -19.36 684.4 -61.98 -38.06 -0.438
-179.25 -19.36 684.4 -109.74 35.12 5.844
108.84 -5.21 581.3 -4.35 39.55 -6.822
-179.45 -22.12 602.6 -47.43 -23.59 5.124
-179.45 -22.12 602.6 11.94 78.93 4.464
-179.45 -22.12 602.6 -48.01 -15.64 5.372
-179.45 -22.12 602.6 103.64 51.68 1.504
-179.45 -22.12 602.6 -71.56 42.51 13.028
-179.45 -22.12 602.6 11.94 78.93 4.464
-179.45 -22.12 602.6 27.01 69.76 1.800
-179.45 -22.12 602.6 -66.15 18.11 13.378
-179.45 -22.12 602.6 -74.93 42.45 14.036
147.61 49.05 550.6 18.54 4.43 -3.195
-177.53 -19.63 388.9 -62.35 82.50 -1.783
-177.53 -19.63 388.9 116.17 40.02 2.761
-177.53 -19.63 388.9 119.74 49.27 2.784
-177.53 -19.63 388.9 -105.61 39.80 3.156
-177.53 -19.63 388.9 107.05 47.87 2.352
-177.53 -19.63 388.9 108.92 34.03 0.222
-177.53 -19.63 388.9 108.92 34.03 1.322
-177.53 -19.63 388.9 -114.62 62.56 0.056
-178.49 -17.89 571.5 -91.24 38.06 4.497
-178.49 -17.89 571.5 98.98 18.79 3.673
-178.49 -17.89 571.5 -147.85 64.87 1.206
-178.49 -17.89 571.5 -105.61 39.80 7.218
-178.49 -17.89 571.5 78.62 50.72 6.601
-178.49 -17.89 571.5 -71.93 44.24 8.178
-178.49 -17.89 571.5 -68.91 -22.62 5.413
-178.49 -17.89 571.5 -68.91 -22.61 5.412
-178.49 -17.89 571.5 -68.91 -22.61 5.512
-178.49 -17.89 571.5 -90.29 -0.67 11.958
-178.49 -17.89 571.5 -114.62 62.56 0.401
178.87 -24.28 564.9 -62.35 82.50 7.574
178.87 -24.28 564.9 -106.46 34.95 6.808
178.87 -24.28 564.9 -112.81 40.19 3.545
178.87 -24.28 564.9 -81.43 28.11 0.400
178.87 -24.28 564.9 -68.91 -22.61 3.363
178.87 -24.28 564.9 -68.91 -22.61 3.363
178.87 -24.28 564.9 -78.45 0.24 12.802
179.68 -32.21 353.3 -68.12 -16.27 -1.350
179.68 -32.21 353.3 103.84 36.09 6.439
179.68 -32.21 353.3 -120.39 38.03 5.481
179.68 -32.21 353.3 -76.84 -11.99 -0.368
179.68 -32.21 353.3 -91.24 38.06 -8.089
179.68 -32.21 353.3 98.98 18.79 2.492
123.81 8.25 628.0 -3.20 55.32 -4.819
123.81 8.25 628.0 20.81 -32.38 1.717
123.81 8.25 628.0 17.58 -19.20 -1.527
120.57 -7.42 580.3 6.68 45.05 -12.344
120.57 -7.42 580.3 9.07 34.34 -6.781
120.57 -7.42 580.3 9.38 39.50 -7.748
-180.09 -32.07 339.7 78.55 17.42 0.971
-180.09 -32.07 339.7 79.22 41.20 2.194
-180.09 -32.07 339.7 -120.39 38.03 8.579
-180.09 -32.07 339.7 103.84 36.09 7.037
-180.09 -32.07 339.7 25.26 -28.61 0.475
-180.09 -32.07 339.7 -57.33 -26.33 6.886
-180.09 -32.07 339.7 25.60 -25.02 4.447
-180.09 -32.07 339.7 -68.08 -16.17 6.610
-180.09 -32.07 339.7 102.74 25.12 8.448
-180.09 -32.07 339.7 74.49 42.64 2.670
-180.09 -32.07 339.7 166.45 68.07 2.598
-180.09 -32.07 339.7 98.98 18.79 5.735
-180.09 -32.07 339.7 -123.30 44.59 9.262
-180.09 -32.07 339.7 -68.91 -22.61 6.515
-180.09 -32.07 339.7 -110.78 32.31 8.321
-180.09 -32.07 339.7 107.05 47.87 3.250
-180.09 -32.07 339.7 129.68 62.03 2.131
-180.09 -32.07 339.7 -118.08 36.44 7.740
-180.09 -32.07 339.7 -116.81 35.30 6.539
-180.09 -32.07 339.7 -118.83 37.63 7.493
-180.09 -32.07 339.7 -118.15 38.43 6.043
-180.09 -32.07 339.7 -67.85 -21.96 8.524
-180.09 -32.07 339.7 -67.65 -22.28 12.154
-180.09 -32.07 339.7 -68.04 -21.32 10.291
-180.09 -32.07 339.7 -68.04 -21.32 9.491
-177.79 -20.24 404.8 70.21 -49.35 6.764
-177.79 -20.24 404.8 -99.18 19.33 7.126
-177.79 -20.24 404.8 11.94 78.93 8.861
-177.79 -20.24 404.8 25.26 -28.61 5.005
-177.79 -20.24 404.8 102.74 25.12 6.005
-177.79 -20.24 404.8 102.74 25.12 5.905
-177.79 -20.24 404.8 108.92 34.03 2.046
-177.79 -20.24 404.8 108.92 34.03 3.246
-177.79 -20.24 404.8 -62.35 82.50 6.167
-177.79 -20.24 404.8 80.70 7.27 5.100
-177.79 -20.24 404.8 103.64 51.68 7.008
-177.79 -20.24 404.8 11.94 78.93 8.861
-177.79 -20.24 404.8 -78.45 0.24 11.042
-177.79 -20.24 404.8 -78.45 0.24 11.142
-177.79 -20.24 404.8 -90.29 -0.67 9.179
123.84 6.75 577.5 -116.46 33.61 -2.409
123.84 6.75 577.5 -116.35 33.17 -1.717
-179.11 -21.69 602.2 -74.53 44.55 12.044
-178.64 -20.71 582.4 -62.35 82.50 1.252
-178.64 -20.71 582.4 -62.35 82.50 0.352
-178.64 -20.71 582.4 -147.85 64.87 -0.932
-178.64 -20.71 582.4 -71.56 42.51 10.515
-178.64 -20.71 582.4 91.15 29.70 -0.523
-178.64 -20.71 582.4 -68.91 -22.61 0.416
-178.64 -20.71 582.4 -68.91 -22.61 0.416
-178.64 -20.71 582.4 -74.22 43.97 11.113
-178.64 -20.71 582.4 -104.04 44.12 0.859
-178.64 -20.71 582.4 -63.18 -8.95 4.679
-178.64 -20.71 582.4 -63.18 -8.95 3.779
-178.64 -20.71 582.4 -66.15 18.11 7.836
139.90 27.60 494.9 -106.46 34.95 3.414
139.90 27.60 494.9 -106.46 34.95 3.514
139.90 27.60 494.9 -91.24 38.06 -6.635
139.90 27.60 494.9 -81.43 28.11 -1.097
139.90 27.60 494.9 11.22 49.69 -0.926
113.03 -6.11 592.7 -124.03 40.82 -3.386
113.03 -6.11 592.7 -121.88 50.61 -4.747
113.03 -6.11 592.7 -117.12 48.26 -6.733
113.03 -6.11 592.7 -4.35 39.55 -2.135
113.03 -6.11 592.7 -38.45 72.58 -3.965
113.03 -6.11 592.7 -114.62 62.56 -1.367
-178.94 -29.27 318.1 -117.66 34.24 5.908
-178.94 -29.27 318.1 -118.03 34.33 6.193
-178.94 -29.27 318.1 98.98 18.79 4.691
-178.94 -29.27 318.1 -120.39 38.03 6.278
-178.94 -29.27 318.1 -112.81 40.19 6.442
-178.94 -29.27 318.1 -123.07 38.99 7.255
-178.94 -29.27 318.1 -121.27 44.16 3.868
-178.94 -29.27 318.1 -124.03 40.82 8.150
-178.94 -29.27 318.1 102.74 25.12 6.690
-178.94 -29.27 318.1 -119.42 46.46 5.923
-178.94 -29.27 318.1 129.59 44.62 3.927
-178.94 -29.27 318.1 -121.50 39.55 6.290
-178.94 -29.27 318.1 -90.29 -0.67 10.820
-178.94 -29.27 318.1 -61.98 -38.06 4.214
-178.94 -29.27 318.1 -61.98 -38.06 4.514
122.49 -7.23 533.1 -120.39 38.03 -1.186
122.49 -7.23 533.1 -3.20 55.32 -4.267
122.49 -7.23 533.1 -116.46 33.61 -1.693
-178.74 -18.68 500.5 -76.84 -11.99 7.580
-178.74 -18.68 500.5 -71.56 42.51 8.327
137.89 30.53 483.7 -106.46 34.95 2.200
137.89 30.53 483.7 -106.46 34.95 2.500
137.89 30.53 483.7 9.38 39.50 -1.549
137.89 30.53 483.7 14.52 35.84 -2.197
137.87 30.47 487.1 5.53 22.79 0.696
137.87 30.47 487.1 161.85 -77.52 6.915
137.87 30.47 487.1 -106.46 34.95 2.947
137.87 30.47 487.1 -81.43 28.11 0.235
137.87 30.47 487.1 13.40 42.35 3.321
137.87 30.47 487.1 14.31 41.72 1.841
137.87 30.47 487.1 9.38 39.50 -0.726
137.87 30.47 487.1 14.52 35.87 0.019
-178.58 -17.40 569.9 -106.46 34.95 12.404
-178.58 -17.40 569.9 -80.42 37.21 4.961
-178.58 -17.40 569.9 11.94 78.93 8.271
-178.58 -17.40 569.9 11.94 78.93 8.271
-178.58 -17.40 569.9 -103.67 29.33 7.954
-178.58 -17.40 569.9 -78.45 0.24 6.341
-178.58 -17.40 569.9 -73.91 41.01 11.566
-178.58 -17.40 569.9 -90.29 -0.67 10.549
-178.58 -17.40 569.9 -89.70 36.41 4.857
-178.58 -17.40 569.9 55.75 -21.16 4.501
-178.58 -17.40 569.9 -63.18 -8.95 10.382
-178.58 -17.40 569.9 -89.22 37.71 4.103
-178.58 -17.40 569.9 -61.98 -38.06 3.700
-178.58 -17.40 569.9 -61.98 -38.06 3.500
-178.58 -17.40 569.9 107.05 47.87 5.059
-178.58 -17.40 569.9 -86.29 38.23 2.202
-178.58 -17.40 569.9 -87.83 36.13 3.581
-178.58 -17.40 569.9 -87.83 36.13 3.581
-67.22 -13.81 643.4 149.00 -35.32 -6.223
-67.22 -13.81 643.4 147.32 -42.91 -5.794
-179.21 -20.61 662.4 98.98 18.79 1.399
-179.21 -20.61 662.4 98.98 18.79 2.299
-179.21 -20.61 662.4 119.74 49.27 3.148
-179.21 -20.61 662.4 -63.18 -8.95 7.278
-179.21 -20.61 662.4 -63.18 -8.95 7.478
-179.21 -20.61 662.4 -61.98 -38.06 0.808
-179.21 -20.61 662.4 -114.62 62.56 0.670
178.26 -25.46 612.2 51.86 -46.43 8.423
178.26 -25.46 612.2 78.55 17.42 -0.921
178.26 -25.46 612.2 -47.43 -23.59 2.813
178.26 -25.46 612.2 -120.39 38.03 4.350
178.26 -25.46 612.2 -48.01 -15.64 2.082
178.26 -25.46 612.2 87.69 43.82 -3.135
178.26 -25.46 612.2 108.92 34.03 -0.874
178.26 -25.46 612.2 -62.35 82.50 5.763
178.26 -25.46 612.2 20.81 -32.38 -2.326
178.26 -25.46 612.2 98.98 18.79 2.983
178.26 -25.46 612.2 -66.15 18.11 12.505
178.26 -25.46 612.2 -105.61 39.80 9.576
-178.49 -17.77 580.4 -95.84 29.96 5.397
-178.49 -17.77 580.4 -90.29 -0.67 12.403
138.11 31.87 366.0 4.54 45.28 -1.118
138.11 31.87 366.0 18.54 4.43 -1.558
-178.01 -18.11 592.1 -71.56 42.51 10.299
123.01 -7.37 591.7 7.16 48.22 -11.485
123.01 -7.37 591.7 -121.40 36.60 -4.411
123.01 -7.37 591.7 4.54 45.28 -13.540
123.01 -7.37 591.7 5.53 22.79 -4.828
123.01 -7.37 591.7 -120.39 38.03 -2.596
123.01 -7.37 591.7 -6.38 53.25 -10.865
123.01 -7.37 591.7 6.15 49.66 -10.089
123.01 -7.37 591.7 8.33 48.33 -11.825
123.01 -7.37 591.7 -21.33 64.75 -3.106
123.01 -7.37 591.7 -3.20 55.32 -11.465
123.01 -7.37 591.7 34.65 67.90 -6.285
123.01 -7.37 591.7 27.01 69.76 -4.945
123.01 -7.37 591.7 29.21 50.69 -5.770
123.01 -7.37 591.7 -64.05 -64.77 -5.263
123.01 -7.37 591.7 -118.47 35.66 1.188
123.01 -7.37 591.7 -118.83 37.63 2.594
123.01 -7.37 591.7 -119.71 34.44 -0.782
123.01 -7.37 591.7 -117.22 40.43 2.362
123.01 -7.37 591.7 -115.24 40.74 6.210
123.01 -7.37 591.7 -117.12 48.26 -5.460
123.01 -7.37 591.7 -118.64 42.43 -2.297
-71.89 -7.37 550.2 42.85 11.53 -0.641
-71.89 -7.37 550.2 51.86 -46.43 -6.097
-71.89 -7.37 550.2 7.16 48.22 -6.853
-71.89 -7.37 550.2 -158.01 21.42 -1.528
-63.27 -27.34 568.6 -53.53 69.25 -1.457
-63.27 -27.34 568.6 27.01 69.76 -5.136
-63.27 -27.34 568.6 -3.20 55.32 -2.930
-63.27 -27.34 568.6 42.69 43.96 -3.932
-63.27 -27.34 568.6 -147.79 64.90 -8.014
-63.27 -27.34 568.6 -123.30 44.59 1.740
-63.27 -27.34 568.6 9.60 59.65 -4.676
-63.27 -27.34 568.6 13.40 42.35 -2.854
153.88 -3.91 386.3 42.85 11.53 2.627
153.88 -3.91 386.3 35.09 31.72 2.857
153.88 -3.91 386.3 32.79 39.87 2.910
-179.46 -21.87 609.4 -106.46 34.95 6.031
-179.46 -21.87 609.4 -71.56 42.51 13.451
139.84 27.73 481.4 5.53 22.79 3.529
139.84 27.73 481.4 35.20 31.77 0.140
139.84 27.73 481.4 25.26 -28.61 -0.618
139.84 27.73 481.4 25.60 -25.02 2.343
139.84 27.73 481.4 20.81 -32.38 3.714
139.84 27.73 481.4 11.22 49.69 -1.087
139.84 27.73 481.4 31.83 29.93 -1.716
139.84 27.73 481.4 14.52 35.87 0.346
139.84 27.73 481.4 -71.93 44.24 -3.897
139.84 27.73 481.4 -79.85 39.66 -3.187
139.84 27.73 481.4 -93.58 34.55 0.819
-178.01 -17.77 618.6 78.62 50.72 5.576
-178.01 -17.77 618.6 -59.97 -0.73 -0.792
-178.01 -17.77 618.6 -59.97 -0.73 -0.892
-178.01 -17.77 618.6 -71.93 44.24 13.811
125.95 -7.11 513.9 8.33 48.33 -0.176
125.95 -7.11 513.9 -120.39 38.03 4.420
125.95 -7.11 513.9 -115.24 40.74 3.328
125.95 -7.11 513.9 11.22 49.69 0.434
125.95 -7.11 513.9 -117.49 36.06 5.302
125.95 -7.11 513.9 -117.12 48.26 2.796
125.95 -7.11 513.9 -118.17 34.15 4.394
125.95 -7.11 513.9 9.38 39.50 0.501
-178.20 -19.65 591.5 -147.85 64.87 -0.042
130.53 43.69 573.6 70.21 -49.35 0.959
130.53 43.69 573.6 -149.58 -17.57 8.237
130.53 43.69 573.6 55.75 -21.16 0.063
130.53 43.69 573.6 -99.18 19.33 2.376
130.53 43.69 573.6 -82.58 29.92 -3.533
179.36 -22.11 626.1 78.55 17.42 -1.803
179.36 -22.11 626.1 55.75 -21.16 4.490
179.36 -22.11 626.1 -47.43 -23.59 3.561
122.60 4.58 602.3 -106.46 34.95 -3.593
122.60 4.58 602.3 -115.91 31.69 -1.873
122.60 4.58 602.3 -4.35 39.55 -4.516
122.60 4.58 602.3 19.89 47.92 -2.535
122.60 4.58 602.3 -104.04 44.12 -0.993
122.60 4.58 602.3 -118.23 37.05 -1.524
140.66 26.31 432.3 -99.18 19.33 -1.651
140.66 26.31 432.3 8.33 48.33 -5.308
140.66 26.31 432.3 -95.84 29.96 -2.323
140.66 26.31 432.3 -110.78 32.31 0.369
140.66 26.31 432.3 13.40 42.35 0.484
140.66 26.31 432.3 -90.25 42.91 -2.821
-177.14 -15.80 422.5 79.22 41.20 3.374
111.27 -5.92 530.4 -147.79 64.90 -4.696
111.27 -5.92 530.4 -53.53 69.25 -6.698
111.27 -5.92 530.4 -158.01 21.32 1.082
111.27 -5.92 530.4 -4.05 39.88 -4.796
111.27 -5.92 530.4 -114.59 62.48 -4.624
-177.53 -19.64 414.0 103.84 36.09 5.954
-177.53 -19.64 414.0 -62.35 82.50 2.847
145.45 46.85 359.5 -4.35 39.55 -0.229
145.45 46.85 359.5 -90.29 -0.67 2.838
178.21 -25.05 594.6 103.84 36.09 7.456
178.21 -25.05 594.6 -106.46 34.95 5.633
-178.30 -22.20 388.7 55.75 -21.16 4.529
-178.30 -22.20 388.7 79.22 41.20 -2.660
-178.30 -22.20 388.7 109.49 30.27 3.065
-178.30 -22.20 388.7 103.84 36.09 7.207
-178.30 -22.20 388.7 -77.86 40.79 10.633
110.67 -5.68 590.3 -62.35 82.50 -2.068
110.67 -5.68 590.3 -147.86 64.87 -4.072
122.13 3.09 620.8 5.53 22.79 -1.780
125.48 -4.70 480.5 -121.40 36.60 3.020
125.48 -4.70 480.5 4.54 45.28 -5.722
125.48 -4.70 480.5 9.38 39.50 -1.009
125.48 -4.70 480.5 -118.47 35.66 3.157
125.48 -4.70 480.5 -118.17 34.15 3.384
125.48 -4.70 480.5 -119.71 34.44 5.063
-178.61 -17.72 573.1 -38.45 72.58 4.684
-178.61 -17.72 573.1 102.74 25.12 6.001
-178.61 -17.72 573.1 102.74 25.12 6.001
-178.61 -17.72 573.1 91.15 29.70 1.649
-178.61 -17.72 573.1 91.15 29.70 1.649
-178.61 -17.72 573.1 87.69 43.82 -0.753
-178.61 -17.72 573.1 87.69 43.82 -0.753
-178.61 -17.72 573.1 58.56 56.43 1.465
126.41 -4.40 384.0 8.33 48.33 -4.890
126.41 -4.40 384.0 -21.33 64.75 2.333
126.41 -4.40 384.0 -118.03 34.33 1.954
126.41 -4.40 384.0 -112.81 40.19 -0.926
126.41 -4.40 384.0 -117.99 34.88 2.495
126.41 -4.40 384.0 -115.24 40.74 -0.757
126.41 -4.40 384.0 -114.83 33.05 1.936
126.41 -4.40 384.0 -105.61 39.80 -2.516
126.41 -4.40 384.0 17.54 49.78 -1.351
126.41 -4.40 384.0 -113.94 46.83 -1.528
126.41 -4.40 384.0 -118.06 34.22 1.796
126.41 -4.40 384.0 -114.20 40.86 -0.712
126.41 -4.40 384.0 -118.88 40.16 -0.512
126.41 -4.40 384.0 -117.14 39.55 0.409
126.41 -4.40 384.0 145.00 -89.93 -1.926
126.41 -4.40 384.0 145.00 -89.93 -1.126
126.41 -4.40 384.0 -119.05 38.09 0.342
126.41 -4.40 384.0 -104.04 44.12 -4.875
126.41 -4.40 384.0 -50.62 67.00 -4.629
126.41 -4.40 384.0 -115.43 35.84 2.756
126.41 -4.40 384.0 -114.87 35.30 1.676
126.41 -4.40 384.0 -113.08 35.21 0.612
126.41 -4.40 384.0 -112.89 34.47 1.479
126.41 -4.40 384.0 -112.24 34.49 0.621
126.41 -4.40 384.0 -113.83 33.81 1.033
135.10 36.79 368.8 -112.23 32.70 -1.708
135.10 36.79 368.8 -110.74 32.57 -1.415
135.10 36.79 368.8 -109.97 32.64 0.125
135.10 36.79 368.8 -109.30 32.77 0.644
135.10 36.79 368.8 -112.81 31.96 -1.852
135.10 36.79 368.8 -111.46 32.00 -1.232
135.10 36.79 368.8 -110.82 31.77 0.300
135.10 36.79 368.8 -110.05 31.97 0.131
135.10 36.79 368.8 -109.26 32.00 0.851
135.10 36.79 368.8 -109.99 31.44 0.625
135.10 36.79 368.8 -109.28 31.38 1.432
135.10 36.79 368.8 -101.68 34.88 -2.685
135.10 36.79 368.8 -106.46 34.95 1.085
135.10 36.79 368.8 -106.46 34.95 0.885
135.10 36.79 368.8 110.54 -66.28 -1.421
135.10 36.79 368.8 -81.43 28.11 -2.552
135.10 36.79 368.8 -96.61 43.73 -3.915
135.10 36.79 368.8 38.69 8.90 3.385
135.10 36.79 368.8 -83.47 33.41 -2.754
135.10 36.79 368.8 -89.29 40.56 -2.873
135.10 36.79 368.8 -96.61 39.10 -5.163
135.10 36.79 368.8 -96.61 39.10 -4.263
135.10 36.79 368.8 -97.89 27.55 -2.103
135.10 36.79 368.8 -112.86 27.29 -0.365
135.10 36.79 368.8 -112.32 30.50 -1.976
135.10 36.79 368.8 -109.64 28.92 -0.818
135.10 36.79 368.8 170.64 -45.05 0.473
135.10 36.79 368.8 -6.86 33.99 -2.321
135.10 36.79 368.8 5.53 22.79 -1.365
135.10 36.79 368.8 -110.78 32.31 -0.208
135.10 36.79 368.8 -109.93 35.71 -1.072
135.10 36.79 368.8 -109.05 35.71 -1.678
135.10 36.79 368.8 -109.74 35.12 -1.329
135.10 36.79 368.8 -109.39 35.11 -1.824
135.10 36.79 368.8 -109.95 34.53 -0.789
135.10 36.79 368.8 -109.29 34.43 -1.064
135.10 36.79 368.8 -110.03 33.78 -0.136
135.10 36.79 368.8 -109.25 33.96 0.876
135.10 36.79 368.8 -106.92 34.07 0.146
135.10 36.79 368.8 -110.47 33.30 -1.132
135.10 36.79 368.8 -110.04 33.09 0.004
135.10 36.79 368.8 -109.27 33.29 0.622
-178.38 -19.94 595.4 116.17 40.02 3.104
-178.38 -19.94 595.4 102.74 25.12 2.434
-178.38 -19.94 595.4 -76.84 -11.99 6.282
179.45 -22.36 578.4 -62.35 82.50 -3.241
179.45 -22.36 578.4 -70.68 -33.15 -0.888
-71.39 -8.12 627.1 32.79 39.87 -5.924
-71.39 -8.12 627.1 8.33 48.33 -6.560
-71.39 -8.12 627.1 7.16 48.22 -7.127
-71.39 -8.12 627.1 29.21 50.69 -7.135
-71.39 -8.12 627.1 158.65 53.02 -4.521
-71.39 -8.12 627.1 55.75 -21.16 -2.943
132.97 42.28 486.4 18.55 4.43 -0.632
132.97 42.28 486.4 51.86 -46.43 0.601
132.97 42.28 486.4 140.01 -66.67 -0.636
132.97 42.28 486.4 -149.58 -17.57 4.963
132.97 42.28 486.4 5.53 22.79 2.505
132.97 42.28 486.4 25.26 -28.61 -2.347
132.97 42.28 486.4 -109.33 -27.13 4.031
132.97 42.28 486.4 20.81 -32.38 2.063
132.97 42.28 486.4 -74.04 4.59 2.222
-179.83 -23.48 553.4 -91.24 38.06 -2.827
-178.44 -17.90 594.1 -71.56 42.51 11.077
-178.44 -17.90 594.1 11.94 78.93 4.943
-178.44 -17.90 594.1 11.94 78.93 4.943
-178.44 -17.90 594.1 -90.29 -0.67 12.537
150.05 -4.47 555.8 -106.46 34.95 4.736
150.05 -4.47 555.8 -106.46 34.95 4.736
150.05 -4.47 555.8 -114.33 45.79 -1.270
150.05 -4.47 555.8 -123.29 44.68 4.860
150.05 -4.47 555.8 -105.61 39.80 4.432
150.05 -4.47 555.8 11.94 78.93 0.340
150.05 -4.47 555.8 9.60 59.65 0.197
150.05 -4.47 555.8 -68.91 -22.61 -0.972
150.05 -4.47 555.8 -114.17 41.36 2.510
150.05 -4.47 555.8 -114.20 40.86 3.188
150.05 -4.47 555.8 -114.75 40.27 1.624
150.05 -4.47 555.8 -118.19 34.17 4.824
150.05 -4.47 555.8 -112.38 39.00 6.275
150.05 -4.47 555.8 -113.89 35.10 4.641
150.05 -4.47 555.8 -122.54 40.58 6.546
150.05 -4.47 555.8 -109.25 33.96 5.761
104.21 -2.75 593.3 16.41 50.36 -5.442
104.21 -2.75 593.3 -1.00 37.59 -8.593
104.21 -2.75 593.3 11.94 78.93 -2.639
104.21 -2.75 593.3 11.94 78.93 -2.339
104.21 -2.75 593.3 4.27 39.90 -5.498
104.21 -2.75 593.3 17.54 49.78 -6.006
104.21 -2.75 593.3 -7.54 40.40 -3.515
104.21 -2.75 593.3 -6.21 36.47 -3.938
104.21 -2.75 593.3 -2.84 -71.67 -0.954
104.21 -2.75 593.3 -14.36 -7.93 0.314
104.21 -2.75 593.3 8.33 48.33 -4.842
139.19 46.94 469.7 -84.11 10.00 1.415
139.19 46.94 469.7 -16.95 14.39 -6.023
139.19 46.94 469.7 -52.64 5.11 1.063
139.19 46.94 469.7 70.21 -49.35 1.101
139.19 46.94 469.7 30.74 -0.60 2.789
139.19 46.94 469.7 -81.43 28.11 -1.545
139.19 46.94 469.7 38.69 8.90 4.480
139.19 46.94 469.7 38.69 8.90 4.580
139.19 46.94 469.7 28.19 -15.28 -4.202
139.19 46.94 469.7 28.19 -15.28 -4.302
139.19 46.94 469.7 13.61 -1.66 -5.416
139.19 46.94 469.7 13.61 -1.66 -3.916
139.19 46.94 469.7 -70.63 8.88 -1.865
139.19 46.94 469.7 -66.15 18.11 -0.452
139.19 46.94 469.7 -87.83 36.13 -2.321
139.19 46.94 469.7 -88.08 34.98 -2.684
139.19 46.94 469.7 -77.37 38.20 -2.602
139.19 46.94 469.7 -87.00 33.03 -0.598
139.19 46.94 469.7 -84.13 35.07 -1.382
139.19 46.94 469.7 -87.83 36.13 -2.321
-65.05 -20.09 340.8 32.79 39.87 -6.176
-65.05 -20.09 340.8 8.33 48.33 -4.116
-65.05 -20.09 340.8 149.00 -35.32 -4.412
-65.05 -20.09 340.8 7.16 48.22 -4.566
-65.05 -20.09 340.8 11.22 49.69 -4.680
-65.05 -20.09 340.8 27.01 69.76 -7.522
-65.05 -20.09 340.8 -158.01 21.42 0.021
-65.05 -20.09 340.8 -158.01 21.42 -0.879
-65.05 -20.09 340.8 -158.01 21.42 -0.579
-65.05 -20.09 340.8 17.54 49.78 -5.032
-65.05 -20.09 340.8 19.89 47.92 -5.227
-65.05 -20.09 340.8 174.70 -41.31 -4.740
-65.05 -20.09 340.8 9.19 48.77 -4.857
-65.05 -20.09 340.8 9.35 46.47 -2.999
139.23 29.37 440.0 55.75 -21.16 3.843
121.73 -7.25 494.6 -121.81 46.75 -4.007
121.73 -7.25 494.6 -3.20 55.32 -6.879
121.73 -7.25 494.6 36.57 55.11 -4.053
121.73 -7.25 494.6 -116.46 33.61 -3.063
121.73 -7.25 494.6 -123.30 44.59 -1.665
121.73 -7.25 494.6 31.83 29.93 -4.253
121.73 -7.25 494.6 9.38 39.50 -2.830
121.73 -7.25 494.6 -116.81 35.30 -4.049
121.73 -7.25 494.6 -116.46 33.61 -3.163
137.65 29.48 517.4 -99.18 19.33 1.816
137.65 29.48 517.4 28.28 -25.73 1.198
137.65 29.48 517.4 -106.46 34.95 2.658
137.65 29.48 517.4 -91.24 38.06 -2.684
137.65 29.48 517.4 9.07 34.34 0.973
-178.28 -20.66 549.5 78.55 17.42 1.196
-178.28 -20.66 549.5 55.75 -21.16 3.532
-178.28 -20.66 549.5 -47.43 -23.59 6.683
-178.28 -20.66 549.5 79.22 41.20 1.744
-178.28 -20.66 549.5 -48.01 -15.64 7.479
-178.28 -20.66 549.5 119.74 49.27 5.903
-178.28 -20.66 549.5 91.15 29.70 1.183
-178.28 -20.66 549.5 87.69 43.82 1.168
-178.28 -20.66 549.5 74.49 42.64 1.899
-178.28 -20.66 549.5 58.56 56.43 1.028
-178.28 -20.66 549.5 34.65 67.90 1.272
-178.28 -20.66 549.5 103.64 51.68 4.991
-178.28 -20.66 549.5 166.45 68.07 3.370
-178.28 -20.66 549.5 -74.04 4.59 9.257
-178.28 -20.66 549.5 -71.56 42.51 10.987
-178.28 -20.66 549.5 11.94 78.93 5.420
-178.28 -20.66 549.5 -59.97 -0.73 10.480
-178.28 -20.66 549.5 -66.15 18.11 10.289
-178.28 -20.66 549.5 -75.99 42.20 12.281
-178.28 -20.66 549.5 -80.42 37.21 13.692
-178.28 -20.66 549.5 -109.56 42.77 5.673
-178.28 -20.66 549.5 -71.93 44.24 14.302
-178.28 -20.66 549.5 -73.22 41.68 12.005
-178.28 -20.66 549.5 -79.85 39.66 12.483
-178.28 -20.66 549.5 -117.12 48.26 3.626
-178.28 -20.66 549.5 -78.54 42.48 12.663
-178.28 -20.66 549.5 -78.24 46.03 11.435
-178.28 -20.66 549.5 -78.00 45.53 11.731
-178.28 -20.66 549.5 -77.81 45.32 11.831
-178.28 -20.66 549.5 -78.29 46.29 11.337
-178.28 -20.66 549.5 -78.60 46.81 10.423
-178.28 -20.66 549.5 -78.58 46.62 10.822
-178.28 -20.66 549.5 -78.58 46.62 10.822
-178.28 -20.66 549.5 -19.67 65.23 9.695
-178.28 -20.66 549.5 -19.67 65.23 9.095
139.79 28.88 414.4 51.86 -46.43 6.074
139.79 28.88 414.4 3.07 47.30 -4.025
139.79 28.88 414.4 70.21 -49.35 5.509
139.79 28.88 414.4 55.75 -21.16 2.706
139.79 28.88 414.4 5.53 22.79 0.814
139.79 28.88 414.4 24.89 34.98 -2.329
139.79 28.88 414.4 24.96 35.38 -3.941
139.79 28.88 414.4 37.25 -1.13 4.711
139.79 28.88 414.4 25.50 35.18 -1.445
139.79 28.88 414.4 -2.94 35.29 -6.788
139.79 28.88 414.4 -6.18 36.64 -1.860
139.79 28.88 414.4 9.19 48.77 -2.082
139.79 28.88 414.4 6.15 49.66 -0.128
139.79 28.88 414.4 18.42 5.18 -1.987
139.79 28.88 414.4 25.26 -28.61 -1.078
139.79 28.88 414.4 25.60 -25.02 2.172
139.79 28.88 414.4 161.85 -77.52 3.347
139.79 28.88 414.4 8.33 48.33 -2.051
139.79 28.88 414.4 -3.20 55.32 -2.759
139.79 28.88 414.4 30.74 -0.60 1.261
139.79 28.88 414.4 20.81 -32.38 3.397
139.79 28.88 414.4 -81.43 28.11 0.328
139.79 28.88 414.4 38.69 8.90 7.493
139.79 28.88 414.4 38.69 8.90 7.393
139.79 28.88 414.4 11.22 49.69 -2.375
139.79 28.88 414.4 37.25 -1.13 4.711
139.79 28.88 414.4 37.25 -1.13 5.011
139.79 28.88 414.4 166.76 -77.85 3.046
139.79 28.88 414.4 -87.83 36.13 -1.049
139.79 28.88 414.4 13.40 42.35 -2.208
139.79 28.88 414.4 14.31 41.72 -2.896
139.79 28.88 414.4 23.24 42.62 -4.423
139.79 28.88 414.4 14.52 35.87 -0.023
139.79 28.88 414.4 -80.42 37.21 -1.188
139.79 28.88 414.4 -74.22 43.97 -2.692
139.79 28.88 414.4 -111.37 35.52 7.888
139.79 28.88 414.4 -87.83 36.13 -0.349
139.79 28.88 414.4 39.98 7.03 4.981
139.79 28.88 414.4 41.00 11.79 7.699
139.79 28.88 414.4 39.98 7.03 3.981
139.79 28.88 414.4 41.00 11.79 7.499
123.50 -7.01 651.3 7.16 48.22 -6.573
123.50 -7.01 651.3 3.07 47.30 -4.186
123.50 -7.01 651.3 -121.40 36.60 -1.938
123.50 -7.01 651.3 -114.83 33.05 -1.479
123.50 -7.01 651.3 25.95 45.49 -2.241
123.50 -7.01 651.3 -62.35 82.50 -3.504
123.50 -7.01 651.3 -58.06 -51.68 -3.909
123.50 -7.01 651.3 -101.98 54.72 -6.425
123.50 -7.01 651.3 -116.46 33.61 -4.088
123.50 -7.01 651.3 -147.85 64.87 -2.618
123.50 -7.01 651.3 29.21 50.69 -4.565
123.50 -7.01 651.3 -109.56 42.77 -0.682
123.50 -7.01 651.3 -117.12 48.26 -1.640
123.50 -7.01 651.3 42.12 38.43 -4.514
123.50 -7.01 651.3 39.72 39.71 -1.853
123.50 -7.01 651.3 42.12 38.43 -5.614
123.50 -7.01 651.3 38.57 39.45 -3.763
179.90 -23.88 543.3 -62.35 82.50 3.252
179.90 -23.88 543.3 -79.85 39.66 7.557
179.90 -23.88 543.3 -104.04 44.12 -0.576
113.39 -6.30 601.3 9.60 59.65 -4.968
113.39 -6.30 601.3 -53.53 69.25 -4.377
113.39 -6.30 601.3 -4.05 39.88 -3.408
-179.78 -30.86 396.6 152.37 62.93 6.881
-179.78 -30.86 396.6 103.84 36.09 8.930
-179.78 -30.86 396.6 83.23 54.84 -1.570
-179.78 -30.86 396.6 -106.46 34.95 5.858
-176.06 -16.16 379.5 109.49 30.27 1.017
-176.06 -16.16 379.5 119.74 49.27 3.350
-176.06 -16.16 379.5 108.92 34.03 2.012
-176.06 -16.16 379.5 108.92 34.03 2.212
-176.06 -16.16 379.5 -58.06 -51.68 -1.648
-176.06 -16.16 379.5 103.64 51.68 3.805
-176.06 -16.16 379.5 129.68 62.03 -4.823
-177.62 -19.74 584.1 -90.29 -0.67 13.190
-177.62 -19.74 584.1 -61.98 -38.06 2.561
-177.62 -19.74 584.1 -114.62 62.56 -1.514
152.67 54.67 647.4 -68.12 -16.27 -2.410
-180.14 -31.41 367.7 78.55 17.42 1.771
-180.14 -31.41 367.7 79.22 41.20 0.984
-180.14 -31.41 367.7 -116.67 33.57 8.774
-180.14 -31.41 367.7 -118.08 36.44 7.360
-180.14 -31.41 367.7 116.17 40.02 3.921
-180.14 -31.41 367.7 109.49 30.27 5.253
-180.14 -31.41 367.7 109.49 30.27 5.053
-180.14 -31.41 367.7 102.74 25.12 6.310
-180.14 -31.41 367.7 129.59 44.62 4.704
-180.14 -31.41 367.7 129.59 44.62 4.604
-180.14 -31.41 367.7 108.92 34.03 1.943
-180.14 -31.41 367.7 108.92 34.03 3.343
-180.14 -31.41 367.7 58.56 56.43 -1.164
-180.14 -31.41 367.7 -152.58 57.78 3.674
-180.14 -31.41 367.7 78.62 50.72 -1.714
-180.14 -31.41 367.7 -76.84 -11.99 5.515
-180.14 -31.41 367.7 -5.75 -15.96 3.504
-180.14 -31.41 367.7 103.64 51.68 4.278
-180.14 -31.41 367.7 -106.46 34.95 8.417
-180.14 -31.41 367.7 -91.24 38.06 9.355
-180.14 -31.41 367.7 98.98 18.79 5.683
-180.14 -31.41 367.7 150.77 59.58 2.055
-180.14 -31.41 367.7 81.98 46.81 -0.062
-180.14 -31.41 367.7 81.98 46.81 1.038
-180.14 -31.41 367.7 128.87 71.65 -1.857
-180.14 -31.41 367.7 -103.67 29.33 8.050
-180.14 -31.41 367.7 -148.38 63.37 -0.144
-179.44 -21.52 625.7 78.55 17.42 -2.130
-179.44 -21.52 625.7 -70.68 -33.15 -3.609
-179.44 -21.52 625.7 -47.43 -23.59 3.811
-179.44 -21.52 625.7 87.27 26.48 -0.166
-179.44 -21.52 625.7 85.89 27.88 -1.945
-179.44 -21.52 625.7 87.32 27.05 0.849
-179.44 -21.52 625.7 87.92 26.91 0.934
-179.44 -21.52 625.7 87.59 29.14 -0.479
-179.44 -21.52 625.7 86.16 28.76 -3.826
-179.44 -21.52 625.7 86.58 27.51 -0.667
-179.44 -21.52 625.7 87.76 27.15 0.741
-179.44 -21.52 625.7 86.44 29.50 -0.233
-179.44 -21.52 625.7 86.55 27.30 -0.797
-179.44 -21.52 625.7 88.02 28.91 -0.286
-179.44 -21.52 625.7 85.91 27.21 -1.118
-179.44 -21.52 625.7 86.73 29.42 -0.599
-179.44 -21.52 625.7 85.76 27.71 -2.496
-179.44 -21.52 625.7 85.56 27.60 -3.372
-179.44 -21.52 625.7 87.19 27.32 -0.756
-179.44 -21.52 625.7 85.69 28.74 -2.240
-63.42 -26.72 561.5 149.00 -35.32 -5.418
-63.42 -26.72 561.5 7.16 48.22 -2.361
-63.42 -26.72 561.5 166.30 -22.10 -2.459
-63.42 -26.72 561.5 16.41 50.36 -4.172
-63.42 -26.72 561.5 35.09 31.72 -1.872
-63.42 -26.72 561.5 -6.38 53.25 -2.831
-63.42 -26.72 561.5 9.19 48.77 -2.437
-63.42 -26.72 561.5 6.15 49.66 -1.206
-63.42 -26.72 561.5 58.12 37.93 -4.310
-63.42 -26.72 561.5 -3.20 55.32 -3.875
-63.42 -26.72 561.5 32.79 39.87 -3.532
-63.42 -26.72 561.5 11.22 49.69 -1.239
-63.42 -26.72 561.5 9.60 59.65 -4.006
-63.42 -26.72 561.5 -4.35 39.55 -2.352
-63.42 -26.72 561.5 13.40 42.35 -2.269
-63.42 -26.72 561.5 31.83 29.93 -4.278
139.63 29.01 431.3 42.85 11.53 5.253
139.63 29.01 431.3 51.86 -46.43 7.941
139.63 29.01 431.3 7.16 48.22 -0.922
139.63 29.01 431.3 70.21 -49.35 6.162
139.63 29.01 431.3 9.19 48.77 -3.899
139.63 29.01 431.3 6.15 49.66 -0.537
139.63 29.01 431.3 18.42 5.18 0.620
139.63 29.01 431.3 25.60 -25.02 2.265
139.63 29.01 431.3 8.33 48.33 -3.468
139.63 29.01 431.3 -109.33 -27.13 7.815
139.63 29.01 431.3 31.83 29.93 -2.701
139.63 29.01 431.3 164.12 -74.70 1.187
139.63 29.01 431.3 14.52 35.87 -1.180
139.63 29.01 431.3 -83.66 42.30 -2.612
139.63 29.01 431.3 -79.09 35.89 -4.937
139.63 29.01 431.3 -103.67 29.33 -0.871
139.63 29.01 431.3 -93.58 34.55 0.535
139.63 29.01 431.3 -98.78 34.74 -1.555
154.69 -4.05 488.6 -53.53 69.25 -1.027
154.69 -4.05 488.6 27.01 69.76 -2.801
154.69 -4.05 488.6 -71.56 42.51 3.168
154.69 -4.05 488.6 -106.46 34.95 8.262
154.69 -4.05 488.6 -118.17 34.15 4.273
-178.24 -21.08 450.3 103.84 36.09 6.805
-178.24 -21.08 450.3 -106.46 34.95 3.026
-178.24 -21.08 450.3 -91.24 38.06 9.144
-178.24 -21.08 450.3 -79.85 39.66 8.706
123.36 -7.02 613.6 -116.67 32.68 2.033
123.36 -7.02 613.6 -117.22 40.43 -0.618
123.36 -7.02 613.6 -116.81 35.30 0.486
123.36 -7.02 613.6 -116.46 33.61 2.853
123.36 -7.02 613.6 6.15 49.66 -1.991
123.36 -7.02 613.6 -21.68 65.71 1.909
145.31 18.89 602.1 70.21 -49.35 2.952
145.31 18.89 602.1 55.75 -21.16 0.026
145.31 18.89 602.1 55.48 -4.67 1.476
145.31 18.89 602.1 9.60 59.65 -0.868
145.31 18.89 602.1 31.83 29.93 1.761
145.31 18.89 602.1 -79.09 35.89 -1.055
145.31 18.89 602.1 -91.50 47.95 -1.973
145.31 18.89 602.1 -98.78 34.74 2.227
145.31 18.89 602.1 -76.20 41.85 -3.876
145.31 18.89 602.1 -76.92 41.65 -2.550
145.19 18.91 598.1 70.21 -49.35 2.752
145.19 18.91 598.1 55.75 -21.16 1.590
145.19 18.91 598.1 -76.20 41.85 -4.946
145.26 18.88 616.6 11.22 49.69 -3.294
145.30 18.83 611.4 11.22 49.69 -2.117
178.85 -23.25 570.6 -147.79 64.90 0.900
-179.43 -22.31 595.6 -62.35 82.50 8.372
-179.43 -22.31 595.6 -95.84 29.96 -2.140
126.02 -7.37 427.7 32.79 39.87 1.024
126.02 -7.37 427.7 -134.88 60.66 0.806
-178.99 -20.79 638.4 -47.90 -15.66 4.094
-178.99 -20.79 638.4 -147.79 64.90 -1.952
-178.99 -20.79 638.4 -121.81 46.75 1.371
-178.99 -20.79 638.4 -114.59 62.48 0.908
-178.99 -20.79 638.4 -74.53 44.55 11.645
-178.67 -17.70 570.1 55.75 -21.16 2.188
-178.67 -17.70 570.1 103.84 36.09 8.641
-178.67 -17.70 570.1 -76.84 -11.99 10.150
-178.67 -17.70 570.1 83.23 54.84 -1.748
-178.67 -17.70 570.1 103.64 51.68 5.369
-178.67 -17.70 570.1 -71.56 42.51 9.200
124.27 -6.96 603.8 4.54 45.28 -6.120
124.27 -6.96 603.8 -6.38 53.25 -3.828
124.27 -6.96 603.8 9.19 48.77 -3.924
124.27 -6.96 603.8 -3.20 55.32 -5.027
124.27 -6.96 603.8 32.79 39.87 -2.626
124.27 -6.96 603.8 27.01 69.76 -2.917
124.27 -6.96 603.8 -64.05 -64.77 -1.670
124.27 -6.96 603.8 31.83 29.93 -1.907
132.45 43.38 487.0 -149.58 -17.57 4.808
132.45 43.38 487.0 5.53 22.79 1.469
132.45 43.38 487.0 -91.24 38.06 -4.164
132.45 43.38 487.0 -95.84 29.96 0.938
132.45 43.38 487.0 -71.56 42.51 -3.316
132.45 43.38 487.0 -4.35 39.55 0.207
132.45 43.38 487.0 -77.89 40.64 -5.627
132.45 43.38 487.0 -86.29 38.23 -5.523
132.45 43.38 487.0 -87.83 36.13 -3.282
132.45 43.38 487.0 -88.08 34.98 -3.928
132.45 43.38 487.0 -77.37 38.20 -3.900
132.45 43.38 487.0 -95.83 29.95 0.839
132.45 43.38 487.0 -87.83 36.13 -3.282
-178.11 -17.81 612.0 119.74 49.27 2.178
-179.04 -19.76 691.1 -106.46 34.95 5.327
-179.04 -19.76 691.1 119.74 49.27 4.644
-179.04 -19.76 691.1 11.94 78.93 6.884
-179.04 -19.76 691.1 -103.67 29.33 3.156
-179.04 -19.76 691.1 81.98 46.81 -5.689
-179.04 -19.76 691.1 79.22 41.20 -2.672
-179.04 -19.76 691.1 129.68 62.03 1.220
111.98 -6.12 633.2 4.54 45.28 -8.209
111.98 -6.12 633.2 4.54 45.28 -7.809
111.98 -6.12 633.2 36.57 55.11 -9.810
111.98 -6.12 633.2 -123.30 44.59 -5.951
-177.58 -20.51 382.5 116.17 40.02 0.758
-177.58 -20.51 382.5 119.74 49.27 -0.510
178.89 -23.92 564.5 -106.46 34.95 6.788
178.89 -23.92 564.5 -117.12 45.29 2.754
178.89 -23.92 564.5 -104.04 44.12 2.137
178.89 -23.92 564.5 -63.18 -8.95 2.693
178.89 -23.92 564.5 -63.18 -8.95 2.693
178.89 -23.92 564.5 -61.98 -38.06 0.082
178.89 -23.92 564.5 87.69 43.82 -3.057
123.27 2.95 444.7 -62.35 82.50 0.478
123.27 2.95 444.7 11.94 78.93 1.089
123.27 2.95 444.7 11.94 78.93 1.889
123.27 2.95 444.7 -119.32 37.32 -2.839
123.27 2.95 444.7 145.00 -89.93 -1.512
178.47 -26.45 616.6 78.55 17.42 -0.203
178.47 -26.45 616.6 79.22 41.20 1.867
178.47 -26.45 616.6 11.94 78.93 2.647
178.47 -26.45 616.6 25.26 -28.61 1.200
178.47 -26.45 616.6 -57.33 -26.33 0.193
178.47 -26.45 616.6 74.49 42.64 -2.067
178.47 -26.45 616.6 70.28 53.06 0.423
178.47 -26.45 616.6 55.48 -4.67 5.855
178.47 -26.45 616.6 73.27 33.65 -0.372
178.47 -26.45 616.6 88.44 69.50 -4.364
178.47 -26.45 616.6 20.81 -32.38 -2.778
178.47 -26.45 616.6 103.64 51.68 3.158
178.47 -26.45 616.6 166.45 68.07 2.569
178.47 -26.45 616.6 -71.56 42.51 10.455
178.47 -26.45 616.6 11.94 78.93 2.647
178.47 -26.45 616.6 -77.89 40.64 12.066
178.47 -26.45 616.6 -80.42 37.21 9.922
178.47 -26.45 616.6 -73.22 41.68 9.367
178.47 -26.45 616.6 -79.85 39.66 11.217
137.32 30.34 490.9 -71.56 42.51 -4.576
137.32 30.34 490.9 -106.46 34.95 2.728
154.63 -6.06 415.5 -117.12 48.26 2.146
179.03 -22.63 622.6 -123.30 44.59 3.960
179.03 -22.63 622.6 -121.88 50.61 4.412
179.03 -22.63 622.6 -117.12 48.26 3.724
120.16 -7.24 579.3 -122.10 48.26 -2.937
120.16 -7.24 579.3 -21.33 64.75 3.040
120.16 -7.24 579.3 -122.97 47.72 -1.043
120.16 -7.24 579.3 15.89 38.26 -7.883
120.16 -7.24 579.3 -120.39 38.03 0.131
120.16 -7.24 579.3 -147.85 64.87 -1.538
120.16 -7.24 579.3 15.82 39.99 -7.536
120.16 -7.24 579.3 -122.46 38.35 -0.616
120.16 -7.24 579.3 -118.31 47.06 -1.816
120.16 -7.24 579.3 19.99 44.10 -8.683
120.16 -7.24 579.3 16.41 50.36 -4.717
120.16 -7.24 579.3 -120.98 46.54 -4.301
120.16 -7.24 579.3 -119.85 46.56 -3.610
120.16 -7.24 579.3 -141.16 64.78 -1.276
120.16 -7.24 579.3 -117.91 45.71 -1.328
120.16 -7.24 579.3 -122.48 45.21 -3.449
120.16 -7.24 579.3 -121.32 45.24 -3.819
120.16 -7.24 579.3 -120.64 45.24 -3.160
120.16 -7.24 579.3 -119.67 45.27 -3.029
120.16 -7.24 579.3 -122.72 39.65 0.739
120.16 -7.24 579.3 -123.29 44.68 -2.969
120.16 -7.24 579.3 -121.23 44.65 -3.287
120.16 -7.24 579.3 -118.67 44.52 -1.217
120.16 -7.24 579.3 -121.46 40.82 -1.217
120.16 -7.24 579.3 -123.07 38.99 -1.580
120.16 -7.24 579.3 -123.83 44.00 -1.451
120.16 -7.24 579.3 -123.28 43.97 -2.509
120.16 -7.24 579.3 -121.27 44.16 -3.017
120.16 -7.24 579.3 -119.50 44.08 -1.447
120.16 -7.24 579.3 -122.96 43.37 -2.031
120.16 -7.24 579.3 -120.15 43.25 -1.511
120.16 -7.24 579.3 -124.03 40.82 -0.293
120.16 -7.24 579.3 -120.89 42.73 -0.902
120.16 -7.24 579.3 -120.25 42.80 -0.625
120.16 -7.24 579.3 -119.25 42.69 0.418
120.16 -7.24 579.3 11.94 78.93 -1.303
120.16 -7.24 579.3 11.94 78.93 -2.103
120.16 -7.24 579.3 11.94 78.93 -2.003
120.16 -7.24 579.3 11.94 78.93 -1.303
120.16 -7.24 579.3 -152.58 57.78 -3.014
120.16 -7.24 579.3 27.01 69.76 -5.819
120.16 -7.24 579.3 27.01 69.76 -5.719
120.16 -7.24 579.3 -158.01 21.42 -1.126
120.16 -7.24 579.3 -158.01 21.42 -1.226
120.16 -7.24 579.3 9.60 59.65 -4.283
120.16 -7.24 579.3 -120.74 38.76 -0.036
120.16 -7.24 579.3 -124.12 41.85 -1.296
120.16 -7.24 579.3 -122.85 41.39 1.501
120.16 -7.24 579.3 -121.84 41.78 -1.904
120.16 -7.24 579.3 4.27 39.90 -5.640
120.16 -7.24 579.3 38.43 38.31 -4.182
120.16 -7.24 579.3 -122.44 38.88 0.314
120.16 -7.24 579.3 17.54 49.78 -5.002
120.16 -7.24 579.3 -7.54 40.40 -5.629
120.16 -7.24 579.3 -123.31 40.82 -1.231
120.16 -7.24 579.3 -117.12 48.26 -2.120
120.16 -7.24 579.3 -117.12 48.26 -2.320
120.16 -7.24 579.3 -123.82 40.14 -2.824
120.16 -7.24 579.3 -122.79 40.18 0.826
120.16 -7.24 579.3 -121.09 40.32 -1.014
120.16 -7.24 579.3 -120.92 39.96 -0.952
120.16 -7.24 579.3 -121.50 39.55 -3.260
120.16 -7.24 579.3 -123.34 39.47 -1.934
120.16 -7.24 579.3 19.89 47.92 -5.892
120.16 -7.24 579.3 -120.94 38.26 -0.922
120.16 -7.24 579.3 -121.33 37.50 0.917
120.16 -7.24 579.3 -120.33 37.35 -0.394
120.16 -7.24 579.3 -119.85 37.88 -0.112
120.16 -7.24 579.3 -50.62 67.00 -5.653
139.99 27.27 498.1 -77.86 40.79 -5.875
139.99 27.27 498.1 18.54 4.43 1.055
-178.99 -20.81 626.8 78.55 17.42 -2.890
-178.99 -20.81 626.8 -48.01 -15.64 5.503
-178.99 -20.81 626.8 119.74 49.27 4.787
-178.99 -20.81 626.8 87.69 43.82 -0.929
-178.99 -20.81 626.8 74.49 42.64 2.036
-178.99 -20.81 626.8 103.64 51.68 3.930
-178.99 -20.81 626.8 -147.85 64.87 0.625
-178.99 -20.81 626.8 128.87 71.65 1.326
-178.99 -20.81 626.8 -61.98 -38.06 3.484
-178.99 -20.81 626.8 75.60 42.92 1.398
-178.99 -20.81 626.8 -115.24 40.74 0.544
-178.99 -20.81 626.8 -71.93 44.24 14.647
-177.26 -17.38 410.0 119.74 49.27 4.168
-177.26 -17.38 410.0 -61.98 -38.06 6.071
-177.26 -17.38 410.0 -61.98 -38.06 6.171
-177.26 -17.38 410.0 108.92 34.03 2.646
179.65 -23.35 561.0 -62.35 82.50 9.531
179.65 -23.35 561.0 -112.81 40.19 3.826
179.65 -23.35 561.0 -118.96 45.29 1.012
179.65 -23.35 561.0 -114.20 40.86 3.578
179.65 -23.35 561.0 -76.84 -11.99 5.146
179.65 -23.35 561.0 -76.84 -11.99 5.546
179.65 -23.35 561.0 -110.80 37.00 3.426
179.65 -23.35 561.0 -109.87 37.14 5.012
179.65 -23.35 561.0 -61.98 -38.06 -0.726
-179.08 -17.44 546.2 74.49 42.64 5.477
-179.08 -17.44 546.2 -71.56 42.51 8.794
129.98 44.78 583.3 -149.58 -17.57 6.727
129.98 44.78 583.3 5.53 22.79 -1.057
135.82 41.27 375.4 -81.43 28.11 0.156
151.00 -3.62 431.3 -62.35 82.50 4.569
151.00 -3.62 431.3 -99.74 38.81 3.405
151.00 -3.62 431.3 -81.43 28.11 3.238
151.00 -3.62 431.3 -115.24 40.74 1.328
151.00 -3.62 431.3 -101.98 54.72 0.373
151.00 -3.62 431.3 11.94 78.93 4.303
151.00 -3.62 431.3 11.94 78.93 4.303
151.00 -3.62 431.3 27.01 69.76 0.248
151.00 -3.62 431.3 27.01 69.76 -0.252
151.00 -3.62 431.3 29.21 50.69 -0.023
151.00 -3.62 431.3 -103.67 29.33 0.100
151.00 -3.62 431.3 -118.72 34.61 4.555
151.00 -3.62 431.3 -118.17 34.15 4.503
151.00 -3.62 431.3 -110.78 32.31 5.380
-63.13 -26.89 592.7 -122.09 49.00 -1.299
-63.13 -26.89 592.7 13.40 42.35 -1.210
-63.13 -26.89 592.7 -118.15 48.42 -4.161
-63.13 -26.89 592.7 8.33 48.33 -2.809
-63.13 -26.89 592.7 149.00 -35.32 -2.959
-63.13 -26.89 592.7 15.82 39.99 -3.668
-63.13 -26.89 592.7 -121.76 46.56 -0.729
-63.13 -26.89 592.7 -120.64 45.24 -0.394
-63.13 -26.89 592.7 11.22 49.69 -1.920
-63.13 -26.89 592.7 30.51 37.84 -0.987
-63.13 -26.89 592.7 27.01 69.76 -4.930
-63.13 -26.89 592.7 9.60 59.65 -3.600
-63.13 -26.89 592.7 9.60 59.65 -2.600
-63.13 -26.89 592.7 -117.12 48.26 -3.987
-63.13 -26.89 592.7 -117.12 48.26 -4.087
-63.13 -26.89 592.7 9.19 48.77 -2.835
-63.13 -26.89 592.7 13.76 45.71 -2.530
-63.13 -26.89 592.7 10.39 44.16 -0.574
-63.13 -26.89 592.7 9.38 39.50 -1.545
-63.13 -26.89 592.7 -114.62 62.56 -6.302
-179.91 -30.84 409.9 -117.11 32.89 8.970
-179.91 -30.84 409.9 -111.70 32.56 10.721
-179.91 -30.84 409.9 -110.82 31.77 10.906
-179.91 -30.84 409.9 -109.28 31.38 11.260
-179.91 -30.84 409.9 -122.09 49.00 3.415
-179.91 -30.84 409.9 -121.48 49.10 2.701
-179.91 -30.84 409.9 -120.38 49.05 1.517
-179.91 -30.84 409.9 -118.59 48.98 0.570
-179.91 -30.84 409.9 -117.56 48.98 2.260
-179.91 -30.84 409.9 -116.36 48.96 1.662
-179.91 -30.84 409.9 -121.48 48.52 3.215
-179.91 -30.84 409.9 -120.12 48.46 1.883
-179.91 -30.84 409.9 -118.15 48.42 1.413
-179.91 -30.84 409.9 -116.37 48.44 2.048
-179.91 -30.84 409.9 116.17 40.02 4.779
-179.91 -30.84 409.9 -116.26 47.84 0.517
-179.91 -30.84 409.9 -115.47 47.71 0.755
-179.91 -30.84 409.9 -114.57 47.68 -0.101
-179.91 -30.84 409.9 98.98 18.79 8.979
-179.91 -30.84 409.9 -118.31 47.06 1.584
-179.91 -30.84 409.9 -116.34 47.05 0.490
-179.91 -30.84 409.9 -117.11 46.49 1.431
-179.91 -30.84 409.9 -115.57 46.42 0.310
-179.91 -30.84 409.9 109.49 30.27 5.253
-179.91 -30.84 409.9 -123.28 45.32 4.885
-179.91 -30.84 409.9 -122.48 45.21 4.881
-179.91 -30.84 409.9 -120.64 45.24 6.192
-179.91 -30.84 409.9 119.74 49.27 7.369
-179.91 -30.84 409.9 -120.89 42.73 4.421
-179.91 -30.84 409.9 -152.58 57.78 5.997
-179.91 -30.84 409.9 -152.58 57.78 5.797
-179.91 -30.84 409.9 102.74 25.12 9.926
-179.91 -30.84 409.9 102.74 25.12 9.826
-179.91 -30.84 409.9 -68.91 -22.61 5.921
-179.91 -30.84 409.9 -68.91 -22.61 5.821
-179.91 -30.84 409.9 129.59 44.62 7.636
-179.91 -30.84 409.9 129.59 44.62 8.236
-179.91 -30.84 409.9 -117.12 48.26 1.404
-179.91 -30.84 409.9 -117.12 48.26 1.404
-179.91 -30.84 409.9 -90.29 -0.67 11.848
-179.91 -30.84 409.9 -90.29 -0.67 12.448
-179.91 -30.84 409.9 55.75 -21.16 3.749
-179.91 -30.84 409.9 128.87 71.65 2.205
-179.91 -30.84 409.9 -113.97 36.42 11.034
-179.91 -30.84 409.9 107.05 47.87 5.489
-179.91 -30.84 409.9 -112.27 35.18 11.789
-179.91 -30.84 409.9 -132.35 56.42 7.288
-179.91 -30.84 409.9 -112.89 34.47 11.575
-179.91 -30.84 409.9 -112.24 34.49 12.131
-179.91 -30.84 409.9 108.92 34.03 6.574
-179.91 -30.84 409.9 -113.00 33.94 11.214
-179.91 -30.84 409.9 -112.33 33.95 12.862
-179.91 -30.84 409.9 -114.62 62.56 3.300
-179.91 -30.84 409.9 -112.16 33.29 11.633
-179.91 -30.84 409.9 -111.43 33.34 11.691
178.33 -26.42 621.7 -81.43 28.11 7.670
178.33 -26.42 621.7 -78.45 0.24 6.011
178.33 -26.42 621.7 -47.43 -23.59 2.689
178.33 -26.42 621.7 -114.62 62.56 1.076
110.32 -5.81 644.2 -121.40 36.60 -5.659
110.32 -5.81 644.2 5.53 22.79 -3.090
110.32 -5.81 644.2 16.41 50.36 -3.592
110.32 -5.81 644.2 18.42 5.18 -8.184
110.32 -5.81 644.2 34.65 67.90 -5.188
110.32 -5.81 644.2 36.57 55.11 -6.928
110.32 -5.81 644.2 -123.30 44.59 -4.624
-178.46 -20.72 585.7 -68.12 -16.27 3.707
-178.46 -20.72 585.7 87.69 43.82 -2.093
-178.46 -20.72 585.7 27.01 69.76 2.146
-178.46 -20.72 585.7 -76.84 -11.99 9.080
-178.46 -20.72 585.7 -71.56 42.51 10.990
-178.46 -20.72 585.7 91.69 32.25 3.560
-178.46 -20.72 585.7 93.91 35.53 5.510
-178.46 -20.72 585.7 94.05 29.77 1.996
-178.46 -20.72 585.7 91.70 31.02 2.899
-178.46 -20.72 585.7 94.82 36.20 5.053
-178.46 -20.72 585.7 91.90 33.45 4.601
-178.46 -20.72 585.7 88.85 29.23 0.272
-178.46 -20.72 585.7 91.69 32.25 2.560
-178.46 -20.72 585.7 93.91 35.53 4.510
-178.46 -20.72 585.7 94.05 29.77 0.996
-178.46 -20.72 585.7 94.82 36.20 4.053
-178.46 -20.72 585.7 91.90 33.45 3.601
-178.46 -20.72 585.7 88.85 29.23 -0.628
-178.74 -20.76 645.9 -47.43 -23.59 6.210
-178.74 -20.76 645.9 87.27 26.48 -0.217
-178.74 -20.76 645.9 87.32 27.05 -0.796
-178.74 -20.76 645.9 87.76 27.15 -0.013
125.42 -7.02 536.1 11.22 49.69 -4.150
125.42 -7.02 536.1 11.94 78.93 -1.934
125.42 -7.02 536.1 11.94 78.93 -1.934
125.42 -7.02 536.1 29.21 50.69 -3.209
125.42 -7.02 536.1 14.52 35.84 -3.834
125.42 -7.02 536.1 -118.64 42.43 -0.745
125.42 -7.02 536.1 -114.62 62.56 -5.067
139.82 27.57 468.6 -77.86 40.79 -4.284
139.82 27.57 468.6 -74.53 44.55 -3.716
139.82 27.57 468.6 -93.70 50.86 -1.783
179.51 -25.11 524.2 -110.74 32.57 6.795
179.51 -25.11 524.2 -112.81 31.96 8.377
179.51 -25.11 524.2 -111.46 32.00 6.381
179.51 -25.11 524.2 -122.09 49.00 2.428
179.51 -25.11 524.2 -121.48 49.10 3.000
179.51 -25.11 524.2 -120.38 49.05 3.896
179.51 -25.11 524.2 -117.56 48.98 3.483
179.51 -25.11 524.2 -114.41 48.93 1.728
179.51 -25.11 524.2 -113.42 48.97 1.790
179.51 -25.11 524.2 -62.35 82.50 8.925
179.51 -25.11 524.2 -62.35 82.50 9.025
179.51 -25.11 524.2 73.69 42.13 10.566
179.51 -25.11 524.2 -123.50 48.06 4.766
179.51 -25.11 524.2 -122.10 48.26 3.153
179.51 -25.11 524.2 -121.48 48.52 1.818
179.51 -25.11 524.2 -120.12 48.46 2.157
179.51 -25.11 524.2 -119.33 48.36 1.921
179.51 -25.11 524.2 -118.15 48.42 4.249
179.51 -25.11 524.2 -113.27 48.36 1.033
179.51 -25.11 524.2 -112.56 48.31 0.198
179.51 -25.11 524.2 -111.71 48.41 0.981
179.51 -25.11 524.2 -124.57 47.95 4.510
179.51 -25.11 524.2 -121.69 47.69 2.064
179.51 -25.11 524.2 -120.89 47.92 1.999
179.51 -25.11 524.2 -120.06 47.69 1.135
179.51 -25.11 524.2 -119.05 47.78 2.964
179.51 -25.11 524.2 -116.26 47.84 2.415
179.51 -25.11 524.2 -113.75 47.77 0.313
179.51 -25.11 524.2 -112.61 47.78 1.449
179.51 -25.11 524.2 -123.77 47.12 5.037
179.51 -25.11 524.2 -121.99 47.19 3.217
179.51 -25.11 524.2 -119.97 47.19 1.999
179.51 -25.11 524.2 -118.92 47.06 3.314
179.51 -25.11 524.2 -118.31 47.06 2.424
179.51 -25.11 524.2 -114.46 47.09 1.424
179.51 -25.11 524.2 -111.55 47.03 2.819
179.51 -25.11 524.2 -112.81 40.19 5.652
179.51 -25.11 524.2 -122.72 46.59 3.965
179.51 -25.11 524.2 -121.76 46.56 3.235
179.51 -25.11 524.2 -119.85 46.56 2.542
179.51 -25.11 524.2 -119.06 46.49 2.903
179.51 -25.11 524.2 -113.49 46.42 1.220
179.51 -25.11 524.2 -110.86 46.46 3.226
179.51 -25.11 524.2 -109.91 46.57 3.284
179.51 -25.11 524.2 -96.61 43.73 3.439
179.51 -25.11 524.2 -96.61 43.73 3.339
179.51 -25.11 524.2 -115.24 40.74 3.045
179.51 -25.11 524.2 -123.56 45.93 4.448
179.51 -25.11 524.2 -120.78 45.77 2.261
179.51 -25.11 524.2 -119.93 45.90 2.808
179.51 -25.11 524.2 -118.78 45.80 3.215
179.51 -25.11 524.2 -109.72 45.90 3.809
179.51 -25.11 524.2 -120.64 45.24 1.986
179.51 -25.11 524.2 -119.67 45.27 2.609
179.51 -25.11 524.2 -118.96 45.29 2.802
179.51 -25.11 524.2 -117.78 45.28 3.758
179.51 -25.11 524.2 -117.12 45.29 3.693
179.51 -25.11 524.2 -111.80 45.23 2.755
179.51 -25.11 524.2 -121.23 44.65 2.960
179.51 -25.11 524.2 -120.33 44.73 3.379
179.51 -25.11 524.2 -118.67 44.52 3.504
179.51 -25.11 524.2 -116.75 44.59 2.335
179.51 -25.11 524.2 119.74 49.27 8.645
179.51 -25.11 524.2 -95.84 29.96 1.384
179.51 -25.11 524.2 -120.21 43.94 3.585
179.51 -25.11 524.2 -118.57 43.91 2.547
179.51 -25.11 524.2 -117.74 43.97 3.477
179.51 -25.11 524.2 -115.96 43.91 3.977
179.51 -25.11 524.2 -114.12 43.91 6.589
179.51 -25.11 524.2 -105.61 39.80 5.015
179.51 -25.11 524.2 -120.15 43.25 3.913
179.51 -25.11 524.2 -117.75 43.35 3.040
179.51 -25.11 524.2 -99.80 30.48 0.364
179.51 -25.11 524.2 -90.25 42.91 0.888
179.51 -25.11 524.2 -120.25 42.80 3.496
179.51 -25.11 524.2 -118.49 42.73 3.649
179.51 -25.11 524.2 -116.87 42.78 4.869
179.51 -25.11 524.2 -116.03 42.77 4.154
179.51 -25.11 524.2 -114.08 42.65 6.625
179.51 -25.11 524.2 -96.61 39.10 2.355
179.51 -25.11 524.2 -96.61 39.10 1.955
179.51 -25.11 524.2 -97.89 27.55 4.508
179.51 -25.11 524.2 -119.34 42.02 4.688
179.51 -25.11 524.2 -118.34 42.19 3.696
179.51 -25.11 524.2 -116.47 42.08 3.224
179.51 -25.11 524.2 -115.75 42.17 3.730
179.51 -25.11 524.2 -111.43 42.01 5.185
179.51 -25.11 524.2 -70.70 -29.01 0.744
179.51 -25.11 524.2 -121.88 50.61 5.068
179.51 -25.11 524.2 -90.77 30.54 4.081
179.51 -25.11 524.2 -68.91 -22.61 3.083
179.51 -25.11 524.2 -68.91 -22.61 3.083
179.51 -25.11 524.2 -119.17 41.39 4.220
179.51 -25.11 524.2 -118.38 41.45 3.839
179.51 -25.11 524.2 -116.54 41.52 4.885
179.51 -25.11 524.2 -114.92 41.42 4.604
179.51 -25.11 524.2 -113.35 41.50 5.512
179.51 -25.11 524.2 -93.58 34.55 1.686
179.51 -25.11 524.2 -113.94 46.83 0.872
179.51 -25.11 524.2 -118.13 40.78 4.565
179.51 -25.11 524.2 -117.52 40.85 3.539
179.51 -25.11 524.2 -115.04 40.85 4.461
179.51 -25.11 524.2 -114.20 40.86 4.585
179.51 -25.11 524.2 -113.19 40.85 5.391
179.51 -25.11 524.2 -112.52 40.89 5.679
179.51 -25.11 524.2 -123.87 47.39 5.462
179.51 -25.11 524.2 -118.15 40.29 4.428
179.51 -25.11 524.2 -117.19 40.17 5.063
179.51 -25.11 524.2 -115.66 40.13 4.467
179.51 -25.11 524.2 -114.75 40.27 4.416
179.51 -25.11 524.2 -113.98 40.13 5.929
179.51 -25.11 524.2 -114.02 39.46 5.853
179.51 -25.11 524.2 -110.74 39.47 6.233
179.51 -25.11 524.2 -90.29 -0.67 10.369
179.51 -25.11 524.2 -90.29 -0.67 10.569
179.51 -25.11 524.2 -117.18 38.83 5.942
179.51 -25.11 524.2 -117.07 38.24 6.799
179.51 -25.11 524.2 -114.61 38.33 4.882
179.51 -25.11 524.2 55.75 -21.16 4.925
179.51 -25.11 524.2 -89.22 37.71 0.425
179.51 -25.11 524.2 -90.24 38.64 -0.651
179.51 -25.11 524.2 -111.51 36.98 6.813
179.51 -25.11 524.2 -61.98 -38.06 2.239
179.51 -25.11 524.2 -61.98 -38.06 1.739
179.51 -25.11 524.2 -111.13 36.14 8.311
179.51 -25.11 524.2 -113.08 35.21 7.198
179.51 -25.11 524.2 -118.64 42.43 3.239
179.51 -25.11 524.2 -109.95 34.53 7.629
179.51 -25.11 524.2 -113.00 33.94 6.388
179.51 -25.11 524.2 -114.62 62.56 2.642
179.51 -25.11 524.2 -112.95 33.36 5.646
179.23 -23.25 572.9 79.22 41.20 6.389
179.23 -23.25 572.9 -76.84 -11.99 4.592
-177.90 -20.68 490.3 102.74 25.12 5.074
-177.90 -20.68 490.3 -66.15 18.11 6.515
-178.46 -17.44 570.8 103.64 51.68 -0.106
138.02 32.10 363.7 42.85 11.53 2.426
138.02 32.10 363.7 55.75 -21.16 1.227
138.02 32.10 363.7 4.54 45.28 0.048
138.02 32.10 363.7 -99.18 19.33 1.999
138.02 32.10 363.7 -98.78 34.74 -9.255
-71.74 -8.32 528.2 42.85 11.53 1.922
-71.74 -8.32 528.2 7.16 48.22 -6.738
-71.74 -8.32 528.2 7.16 48.22 -6.838
-71.74 -8.32 528.2 166.30 -22.10 0.593
-71.74 -8.32 528.2 70.21 -49.35 -7.247
-71.74 -8.32 528.2 -18.66 76.77 -8.973
-71.74 -8.32 528.2 38.43 38.31 -3.324
-71.74 -8.32 528.2 -156.24 20.77 -2.589
-178.58 -17.75 589.4 -68.91 -22.62 4.364
-178.58 -17.75 589.4 -68.91 -22.61 4.264
-178.58 -17.75 589.4 -78.45 0.24 6.599
-178.58 -17.75 589.4 -90.29 -0.67 11.243
-178.58 -17.75 589.4 -63.18 -8.95 7.131
179.60 -25.56 504.6 -109.26 32.00 4.474
179.60 -25.56 504.6 -62.35 82.50 7.373
179.60 -25.56 504.6 -62.35 82.50 7.373
179.60 -25.56 504.6 -106.46 34.95 3.635
179.60 -25.56 504.6 -123.50 48.06 2.633
179.60 -25.56 504.6 -121.48 48.52 0.287
179.60 -25.56 504.6 -114.47 48.37 0.163
179.60 -25.56 504.6 -112.56 48.31 -1.937
179.60 -25.56 504.6 -109.56 42.77 1.536
179.60 -25.56 504.6 -116.26 47.84 0.375
179.60 -25.56 504.6 -113.75 47.77 0.175
179.60 -25.56 504.6 -112.61 47.78 -1.090
179.60 -25.56 504.6 -115.35 47.05 -0.348
179.60 -25.56 504.6 -114.46 47.09 1.179
179.60 -25.56 504.6 -112.81 40.19 4.550
179.60 -25.56 504.6 -116.21 46.36 -0.003
179.60 -25.56 504.6 -114.19 46.44 0.726
179.60 -25.56 504.6 -112.64 46.42 0.202
179.60 -25.56 504.6 -111.68 46.53 1.739
179.60 -25.56 504.6 -110.86 46.46 0.477
179.60 -25.56 504.6 73.78 42.66 4.334
179.60 -25.56 504.6 -118.78 45.80 2.356
179.60 -25.56 504.6 -114.33 45.79 2.318
179.60 -25.56 504.6 -113.37 45.81 2.340
179.60 -25.56 504.6 -120.64 45.24 1.325
179.60 -25.56 504.6 -117.78 45.28 1.795
179.60 -25.56 504.6 -114.23 45.09 2.806
179.60 -25.56 504.6 -113.46 45.24 0.744
179.60 -25.56 504.6 -75.11 19.93 6.400
179.60 -25.56 504.6 -114.86 44.55 2.250
179.60 -25.56 504.6 -114.25 44.56 4.311
179.60 -25.56 504.6 119.74 49.27 8.518
179.60 -25.56 504.6 -119.50 44.08 2.906
179.60 -25.56 504.6 -110.58 43.92 2.600
179.60 -25.56 504.6 -105.61 39.80 3.621
179.60 -25.56 504.6 -120.15 43.25 2.233
179.60 -25.56 504.6 -115.83 43.42 1.887
179.60 -25.56 504.6 -99.80 30.48 -0.476
179.60 -25.56 504.6 -116.87 42.78 2.485
179.60 -25.56 504.6 74.95 42.66 4.877
179.60 -25.56 504.6 -152.58 57.78 -1.585
179.60 -25.56 504.6 -152.58 57.78 -1.585
179.60 -25.56 504.6 -96.61 39.10 2.883
179.60 -25.56 504.6 -96.61 39.10 2.683
179.60 -25.56 504.6 -113.24 42.03 0.321
179.60 -25.56 504.6 -68.91 -22.61 1.382
179.60 -25.56 504.6 -68.91 -22.61 1.682
179.60 -25.56 504.6 -115.04 40.85 2.961
179.60 -25.56 504.6 -109.67 40.98 0.925
179.60 -25.56 504.6 -109.18 40.89 1.160
179.60 -25.56 504.6 -123.87 47.39 1.222
179.60 -25.56 504.6 -115.66 40.13 1.760
179.60 -25.56 504.6 -110.01 40.27 2.274
179.60 -25.56 504.6 -111.66 39.61 5.585
179.60 -25.56 504.6 -112.38 39.00 4.940
179.60 -25.56 504.6 -110.13 39.10 1.661
179.60 -25.56 504.6 -109.26 38.96 1.167
179.60 -25.56 504.6 -113.02 38.30 4.638
179.60 -25.56 504.6 -111.48 38.28 4.376
179.60 -25.56 504.6 55.75 -21.16 5.568
179.60 -25.56 504.6 75.60 42.92 4.927
179.60 -25.56 504.6 -61.98 -38.06 0.950
179.60 -25.56 504.6 -61.98 -38.06 0.850
179.60 -25.56 504.6 -111.13 36.14 5.778
179.60 -25.56 504.6 -110.66 36.60 5.096
179.60 -25.56 504.6 74.50 43.27 4.598
179.60 -25.56 504.6 -111.53 35.10 5.467
179.60 -25.56 504.6 129.68 62.03 5.162
179.60 -25.56 504.6 -112.95 33.36 4.585
-178.31 -19.66 618.9 55.75 -21.16 1.949
-70.84 -11.09 614.0 149.00 -35.32 -7.404
-70.84 -11.09 614.0 152.37 62.93 -8.520
-70.84 -11.09 614.0 9.60 59.65 -4.322
-70.84 -11.09 614.0 147.32 -42.91 -7.934
-70.84 -11.09 614.0 58.56 56.43 -7.345
-70.84 -11.09 614.0 18.54 4.43 -5.077
-178.33 -20.33 603.0 -66.15 18.11 10.819
-178.33 -20.33 603.0 -78.94 48.10 9.882
-178.33 -20.33 603.0 -78.98 47.92 10.975
-178.33 -20.33 603.0 -78.99 48.46 7.485
-178.33 -20.33 603.0 -79.80 48.10 9.811
-178.42 -20.32 556.9 -68.91 -22.62 3.028
-179.60 -30.57 358.1 116.17 40.02 3.914
-179.60 -30.57 358.1 -147.85 64.87 0.201
-179.60 -30.57 358.1 -115.24 40.74 2.159
-179.60 -30.57 358.1 109.49 30.27 2.773
-179.60 -30.57 358.1 102.74 25.12 6.134
-179.60 -30.57 358.1 102.74 25.12 6.034
-179.60 -30.57 358.1 -68.91 -22.62 5.932
-179.60 -30.57 358.1 -68.91 -22.61 5.833
-179.60 -30.57 358.1 150.77 59.58 2.278
-179.60 -30.57 358.1 107.05 47.87 1.590
-179.60 -30.57 358.1 108.92 34.03 3.316
-179.60 -30.57 358.1 129.68 62.03 0.092
-179.60 -30.57 358.1 -114.62 62.56 -0.694
179.89 -23.71 547.1 -62.35 82.50 7.410
179.89 -23.71 547.1 -62.35 82.50 7.610
179.89 -23.71 547.1 -68.91 -22.62 -0.688
179.89 -23.71 547.1 -68.91 -22.61 -0.687
179.89 -23.71 547.1 -86.29 38.23 -2.389
134.81 37.34 388.6 -106.46 34.95 2.232
134.81 37.34 388.6 -105.38 31.70 0.976
134.81 37.34 388.6 -112.86 27.29 1.096
134.81 37.34 388.6 -109.76 23.12 1.231
134.81 37.34 388.6 -73.91 41.01 -3.161
134.81 37.34 388.6 -86.29 38.23 -1.510
140.71 26.25 386.3 25.26 -28.61 -1.651
140.71 26.25 386.3 161.85 -77.52 4.310
140.71 26.25 386.3 -81.43 28.11 0.076
140.71 26.25 386.3 -71.56 42.51 -3.296
140.71 26.25 386.3 -110.78 32.31 4.186
-63.05 -28.66 605.0 9.60 59.65 -3.780
-63.05 -28.66 605.0 -147.79 64.90 -4.863
179.24 -25.63 531.1 55.75 -21.16 4.169
179.24 -25.63 531.1 79.22 41.20 7.630
179.24 -25.63 531.1 -68.08 -16.17 1.825
179.24 -25.63 531.1 -62.35 82.50 9.205
179.24 -25.63 531.1 -101.98 54.72 -0.839
179.24 -25.63 531.1 88.44 69.50 8.184
179.24 -25.63 531.1 20.81 -32.38 0.572
179.24 -25.63 531.1 -106.46 34.95 3.169
-179.29 -21.70 630.8 -62.35 82.50 4.406
-62.99 -28.84 596.1 9.60 59.65 -4.874
-62.99 -28.84 596.1 -53.53 69.25 -5.036
-71.30 -9.49 611.0 7.16 48.22 -10.015
-71.30 -9.49 611.0 16.41 50.36 -5.125
-71.30 -9.49 611.0 6.15 49.66 -7.213
-71.30 -9.49 611.0 44.74 40.15 -8.738
-71.30 -9.49 611.0 9.38 39.50 -7.789
-178.95 -17.18 569.3 -70.68 -33.15 -1.623
-178.95 -17.18 569.3 79.22 41.20 9.438
-178.95 -17.18 569.3 11.94 78.93 7.144
-178.95 -17.18 569.3 -70.55 -40.73 4.026
-178.95 -17.18 569.3 74.49 42.64 11.832
-178.95 -17.18 569.3 70.28 53.06 8.579
-178.95 -17.18 569.3 -58.06 -51.68 0.753
-178.95 -17.18 569.3 103.64 51.68 2.897
-178.95 -17.18 569.3 -95.84 29.96 4.068
-178.95 -17.18 569.3 11.94 78.93 7.144
-178.95 -17.18 569.3 128.87 71.65 -1.572
-179.89 -30.95 357.9 -120.39 38.03 7.269
-179.89 -30.95 357.9 109.49 30.27 2.831
-179.89 -30.95 357.9 103.84 36.09 8.676
-179.89 -30.95 357.9 -48.01 -15.64 0.046
-179.89 -30.95 357.9 -57.33 -26.33 3.152
-179.89 -30.95 357.9 25.60 -25.02 5.501
-179.89 -30.95 357.9 119.74 49.27 5.063
-179.89 -30.95 357.9 58.12 37.93 5.392
-179.89 -30.95 357.9 -101.98 54.72 2.059
-179.89 -30.95 357.9 -76.84 -11.99 6.511
-179.89 -30.95 357.9 -71.56 42.51 -1.648
-179.89 -30.95 357.9 -122.89 46.04 5.779
-179.89 -30.95 357.9 -118.08 36.44 7.919
-179.89 -30.95 357.9 -118.47 35.66 7.949
-179.89 -30.95 357.9 -116.46 33.61 7.579
-179.89 -30.95 357.9 -83.66 42.30 -1.416
-179.89 -30.95 357.9 -80.42 37.21 -1.798
-179.89 -30.95 357.9 -117.22 40.43 6.008
-179.89 -30.95 357.9 -109.56 42.77 4.435
-179.89 -30.95 357.9 -112.81 40.19 8.326
-179.89 -30.95 357.9 -115.24 40.74 4.590
-179.89 -30.95 357.9 -105.61 39.80 7.874
-179.89 -30.95 357.9 -112.82 37.02 6.604
-179.89 -30.95 357.9 -71.93 44.24 0.068
-179.89 -30.95 357.9 -79.85 39.66 -1.699
-179.89 -30.95 357.9 -118.64 42.43 5.455
137.20 33.32 378.4 -99.18 19.33 2.059
137.20 33.32 378.4 -81.43 28.11 0.341
137.20 33.32 378.4 28.19 -15.28 -4.163
137.20 33.32 378.4 28.19 -15.28 -4.163
137.20 33.32 378.4 -66.15 18.11 -0.740
137.20 33.32 378.4 15.89 38.26 -5.049
137.20 33.32 378.4 9.35 46.47 -0.425
-63.11 -26.92 580.9 -122.96 42.61 -5.306
-63.11 -26.92 580.9 34.95 29.67 -2.230
-178.17 -21.95 374.2 78.55 17.42 -1.969
-178.17 -21.95 374.2 103.84 36.09 6.108
-178.17 -21.95 374.2 83.23 54.84 -2.091
-178.17 -21.95 374.2 98.98 18.79 -0.384
-63.38 -26.82 572.3 8.33 48.33 -4.485
-63.38 -26.82 572.3 -147.85 64.87 -3.108
-63.38 -26.82 572.3 11.22 49.69 -3.992
-63.38 -26.82 572.3 -122.96 42.61 -2.535
-63.38 -26.82 572.3 13.76 45.71 -3.537
-63.27 -26.15 574.5 32.79 39.87 -5.833
-63.27 -26.15 574.5 25.53 37.07 -11.087
-63.27 -26.15 574.5 13.40 42.35 -4.346
-63.27 -26.15 574.5 8.33 48.33 -4.893
-63.27 -26.15 574.5 -21.33 64.75 0.985
-63.27 -26.15 574.5 -21.33 64.75 0.785
-63.27 -26.15 574.5 33.33 34.96 -3.139
-63.27 -26.15 574.5 15.82 39.99 -4.958
-63.27 -26.15 574.5 19.99 44.10 -9.538
-63.27 -26.15 574.5 16.41 50.36 -4.098
-63.27 -26.15 574.5 44.74 40.15 -7.698
-63.27 -26.15 574.5 11.22 49.69 -3.854
-63.27 -26.15 574.5 30.51 37.84 -2.584
-63.27 -26.15 574.5 11.94 78.93 -3.752
-63.27 -26.15 574.5 11.94 78.93 -3.752
-63.27 -26.15 574.5 11.94 78.93 -3.752
-63.27 -26.15 574.5 11.94 78.93 -3.852
-63.27 -26.15 574.5 -152.58 57.78 2.372
-63.27 -26.15 574.5 -152.58 57.78 1.372
-63.27 -26.15 574.5 27.01 69.76 -7.500
-63.27 -26.15 574.5 27.01 69.76 -7.400
-63.27 -26.15 574.5 29.21 50.69 -7.489
-63.27 -26.15 574.5 37.25 -1.13 8.369
-63.27 -26.15 574.5 37.25 -1.13 8.769
-63.27 -26.15 574.5 37.25 -1.13 8.869
-63.27 -26.15 574.5 9.60 59.65 -6.201
-63.27 -26.15 574.5 9.60 59.65 -5.301
-63.27 -26.15 574.5 -121.89 42.17 -3.903
-63.27 -26.15 574.5 -121.88 50.61 -4.964
-63.27 -26.15 574.5 38.43 38.31 -6.058
-63.27 -26.15 574.5 17.54 49.78 -5.573
-63.27 -26.15 574.5 -94.90 74.69 -11.050
-63.27 -26.15 574.5 13.32 54.55 -4.197
-63.27 -26.15 574.5 13.78 52.48 -5.863
-63.27 -26.15 574.5 4.54 45.28 -1.973
-63.27 -26.15 574.5 4.54 45.28 -2.473
-63.27 -26.15 574.5 9.19 48.77 -5.036
-63.27 -26.15 574.5 23.18 54.01 -6.444
-63.27 -26.15 574.5 13.76 45.71 -3.964
-63.27 -26.15 574.5 9.35 46.47 -5.545
-63.27 -26.15 574.5 10.39 44.16 -4.144
-63.27 -26.15 574.5 26.73 58.46 -7.721
-63.27 -26.15 574.5 6.15 49.66 -4.024
-63.27 -26.15 574.5 134.36 -19.93 -12.549
-63.27 -26.15 574.5 26.22 35.11 -8.257
128.13 -6.43 355.0 -116.36 48.96 -3.410
128.13 -6.43 355.0 -62.35 82.50 -3.092
128.13 -6.43 355.0 -124.57 47.95 -2.003
128.13 -6.43 355.0 -141.16 64.78 2.111
128.13 -6.43 355.0 11.94 78.93 -1.849
128.13 -6.43 355.0 11.94 78.93 -1.849
128.13 -6.43 355.0 27.01 69.76 -3.576
128.13 -6.43 355.0 29.21 50.69 -4.727
110.28 -5.62 563.6 5.53 22.79 -2.727
110.28 -5.62 563.6 16.41 50.36 -2.517
110.28 -5.62 563.6 18.42 5.18 -5.763
110.28 -5.62 563.6 34.65 67.90 -4.109
110.28 -5.62 563.6 36.57 55.11 -6.580
110.28 -5.62 563.6 -147.79 64.90 -1.176
110.28 -5.62 563.6 9.60 59.65 -3.923
110.28 -5.62 563.6 17.58 -19.20 -3.493
-178.84 -17.63 552.3 103.84 36.09 9.603
-178.84 -17.63 552.3 -71.56 42.51 9.710
146.43 47.80 477.4 42.85 11.53 5.197
146.43 47.80 477.4 51.86 -46.43 7.329
146.43 47.80 477.4 -61.14 14.73 -1.122
146.43 47.80 477.4 55.75 -21.16 1.343
146.43 47.80 477.4 -99.18 19.33 1.079
146.43 47.80 477.4 -85.67 12.45 -2.349
-178.71 -19.74 622.1 -2.84 -71.67 -4.158
-178.71 -19.74 622.1 102.74 25.12 3.271
-178.71 -19.74 622.1 102.74 25.12 3.171
-178.71 -19.74 622.1 108.92 34.03 -0.096
-178.71 -19.74 622.1 108.92 34.03 2.204
-178.14 -18.49 467.7 -77.86 40.79 8.509
-178.67 -20.91 547.9 -109.30 32.77 5.618
-178.67 -20.91 547.9 -115.65 48.93 3.183
-178.67 -20.91 547.9 -114.41 48.93 1.408
-178.67 -20.91 547.9 -113.42 48.97 1.269
-178.67 -20.91 547.9 -62.35 82.50 7.524
-178.67 -20.91 547.9 -62.35 82.50 7.524
-178.67 -20.91 547.9 -117.23 48.30 3.609
-178.67 -20.91 547.9 -115.59 48.47 3.062
-178.67 -20.91 547.9 -114.47 48.37 2.481
-178.67 -20.91 547.9 -113.27 48.36 0.316
-178.67 -20.91 547.9 -112.56 48.31 1.481
-178.67 -20.91 547.9 166.45 68.07 2.570
-178.67 -20.91 547.9 116.17 40.02 5.718
-178.67 -20.91 547.9 -117.31 47.82 3.206
-178.67 -20.91 547.9 -114.57 47.68 1.450
-178.67 -20.91 547.9 -113.75 47.77 2.900
-178.67 -20.91 547.9 -99.74 38.81 4.646
-178.67 -20.91 547.9 98.98 18.79 1.587
-178.67 -20.91 547.9 -147.85 64.87 -0.136
-178.67 -20.91 547.9 -147.85 64.87 0.564
-178.67 -20.91 547.9 -115.35 47.05 2.984
-178.67 -20.91 547.9 -104.20 48.47 5.309
-178.67 -20.91 547.9 -114.19 46.44 2.669
-178.67 -20.91 547.9 -113.49 46.42 1.613
-178.67 -20.91 547.9 -112.64 46.42 3.948
-178.67 -20.91 547.9 -111.68 46.53 2.583
-178.67 -20.91 547.9 -141.16 64.78 5.897
-178.67 -20.91 547.9 -115.24 40.74 4.067
-178.67 -20.91 547.9 109.49 30.27 3.510
-178.67 -20.91 547.9 -112.49 45.84 4.419
-178.67 -20.91 547.9 -110.66 45.91 3.474
-178.67 -20.91 547.9 -111.80 45.23 4.059
-178.67 -20.91 547.9 -117.75 43.35 3.842
-178.67 -20.91 547.9 -109.36 42.10 3.550
-178.67 -20.91 547.9 -74.58 44.62 14.316
-178.67 -20.91 547.9 -115.79 41.43 5.005
-178.67 -20.91 547.9 -110.07 41.43 3.080
-178.67 -20.91 547.9 -113.94 46.83 3.363
-178.67 -20.91 547.9 -115.74 40.82 4.259
-178.67 -20.91 547.9 -109.67 40.98 4.247
-178.67 -20.91 547.9 -109.18 40.89 4.883
-178.67 -20.91 547.9 -117.12 48.26 3.896
-178.67 -20.91 547.9 -117.12 48.26 3.896
-178.67 -20.91 547.9 -74.14 41.75 15.082
-178.67 -20.91 547.9 -114.75 40.27 4.442
-178.67 -20.91 547.9 -73.91 41.01 14.661
-178.67 -20.91 547.9 -114.02 38.96 5.126
-178.67 -20.91 547.9 55.75 -21.16 5.531
-178.67 -20.91 547.9 -104.04 44.12 4.944
-178.67 -20.91 547.9 -113.17 37.76 6.735
-178.67 -20.91 547.9 -105.50 37.75 8.242
-178.67 -20.91 547.9 20.81 -32.38 0.150
-178.67 -20.91 547.9 -112.38 37.02 6.023
-178.67 -20.91 547.9 -110.71 35.08 6.428
-178.67 -20.91 547.9 -134.88 60.66 5.832
-178.67 -20.91 547.9 -111.37 35.52 6.968
-178.67 -20.91 547.9 -109.29 34.43 6.415
-178.67 -20.91 547.9 108.92 34.03 -0.260
-178.67 -20.91 547.9 -110.03 33.78 6.148
-178.67 -20.91 547.9 -114.62 62.56 1.765
-178.67 -20.91 547.9 -114.74 62.49 1.766
179.05 -24.22 562.0 -62.35 82.50 8.150
179.05 -24.22 562.0 -62.35 82.50 8.350
179.05 -24.22 562.0 -68.91 -22.61 1.497
179.05 -24.22 562.0 -61.98 -38.06 -0.912
179.05 -24.22 562.0 -61.98 -38.06 -0.312
179.05 -24.22 562.0 -86.29 38.23 -3.247
-68.81 -13.85 600.1 30.51 37.84 -1.350
-68.81 -13.85 600.1 11.94 78.93 -3.807
179.68 -25.34 513.1 79.22 41.20 6.842
179.68 -25.34 513.1 -68.12 -16.27 1.527
-175.97 -16.57 376.3 -71.56 42.51 8.800
-175.97 -16.57 376.3 27.01 69.76 6.582
-178.43 -21.05 551.8 -62.35 82.50 5.392
-178.43 -21.05 551.8 -106.46 34.95 4.307
-178.43 -21.05 551.8 -147.85 64.87 -1.559
-178.43 -21.05 551.8 51.86 -46.43 4.935
-178.43 -21.05 551.8 109.49 30.27 0.738
-178.43 -21.05 551.8 119.74 49.27 1.904
-178.43 -21.05 551.8 -71.56 42.51 11.868
-178.43 -21.05 551.8 -117.12 48.26 2.434
-179.52 -30.48 365.7 78.55 17.42 2.606
-179.52 -30.48 365.7 55.75 -21.16 0.950
-179.52 -30.48 365.7 79.22 41.20 1.809
-179.52 -30.48 365.7 103.84 36.09 7.185
-179.52 -30.48 365.7 -68.08 -16.17 6.427
-179.52 -30.48 365.7 116.17 40.02 4.999
-179.52 -30.48 365.7 102.74 25.12 6.712
-179.52 -30.48 365.7 129.59 44.62 4.861
-179.52 -30.48 365.7 108.92 34.03 4.433
-179.52 -30.48 365.7 103.64 51.68 4.141
-179.52 -30.48 365.7 98.98 18.79 5.702
-179.52 -30.48 365.7 -147.85 64.87 16.077
-179.52 -30.48 365.7 150.77 59.58 3.888
-179.52 -30.48 365.7 107.05 47.87 2.784
178.78 -26.44 572.0 -68.12 -16.27 1.216
178.78 -26.44 572.0 -106.46 34.95 7.793
178.78 -26.44 572.0 91.69 32.25 2.672
178.78 -26.44 572.0 94.05 29.77 4.493
178.78 -26.44 572.0 91.70 31.02 3.921
178.78 -26.44 572.0 94.82 36.20 4.889
178.78 -26.44 572.0 97.01 33.01 3.391
178.78 -26.44 572.0 91.69 32.25 1.772
178.78 -26.44 572.0 94.05 29.77 3.493
178.78 -26.44 572.0 91.70 31.02 2.821
178.78 -26.44 572.0 94.82 36.20 3.989
178.78 -26.44 572.0 97.01 33.01 2.391
179.36 -23.99 532.1 -62.35 82.50 6.877
179.36 -23.99 532.1 -106.46 34.95 9.304
179.36 -23.99 532.1 -106.46 34.95 8.304
179.36 -23.99 532.1 -115.24 40.74 1.150
179.36 -23.99 532.1 -105.61 39.80 6.703
179.36 -23.99 532.1 -70.63 8.88 14.055
179.36 -23.99 532.1 -77.89 40.64 13.095
-178.25 -21.37 430.7 103.84 36.09 3.879
-179.34 -21.75 600.4 -106.46 34.95 4.868
-179.34 -21.75 600.4 -106.46 34.95 4.868
-179.34 -21.75 600.4 -78.45 0.24 3.963
-178.99 -20.99 648.5 78.55 17.42 -0.975
-178.99 -20.99 648.5 -47.43 -23.59 6.396
-178.99 -20.99 648.5 25.26 -28.61 1.997
-178.99 -20.99 648.5 87.69 43.82 -1.388
-178.99 -20.99 648.5 74.49 42.64 1.751
-178.99 -20.99 648.5 80.70 7.27 4.180
-178.99 -20.99 648.5 20.81 -32.38 1.707
-178.99 -20.99 648.5 166.45 68.07 1.888
-178.67 -17.88 581.5 -62.35 82.50 4.409
-178.67 -17.88 581.5 -68.91 -22.61 1.711
-178.67 -17.88 581.5 -78.45 0.24 6.739
-178.67 -17.88 581.5 -61.98 -38.06 1.139
-178.67 -17.88 581.5 -61.98 -38.06 1.439
154.17 -5.21 385.0 70.28 53.06 -4.486
-178.71 -20.17 618.6 -62.35 82.50 0.434
-178.71 -20.17 618.6 98.98 18.79 0.000
-178.71 -20.17 618.6 -147.85 64.87 -1.420
-178.71 -20.17 618.6 119.74 49.27 2.859
-178.71 -20.17 618.6 -90.29 -0.67 10.226
-178.71 -20.17 618.6 108.92 34.03 -1.396
-178.71 -20.17 618.6 -114.62 62.56 -2.132
-179.65 -22.07 599.2 -48.01 -15.64 1.565
-179.65 -22.07 599.2 -66.15 18.11 10.249
154.41 -5.77 363.1 -62.35 82.50 4.776
154.41 -5.77 363.1 -62.35 82.50 5.376
154.41 -5.77 363.1 -106.46 34.95 5.468
154.41 -5.77 363.1 -113.51 47.08 3.465
154.41 -5.77 363.1 -57.50 49.26 4.555
154.41 -5.77 363.1 -112.81 40.19 4.407
154.41 -5.77 363.1 -115.24 40.74 1.456
154.41 -5.77 363.1 -112.49 45.17 4.254
154.41 -5.77 363.1 -114.41 43.56 3.928
154.41 -5.77 363.1 -99.80 30.48 6.518
154.41 -5.77 363.1 11.94 78.93 1.826
154.41 -5.77 363.1 -96.61 39.10 3.060
154.41 -5.77 363.1 -109.27 45.12 4.713
113.17 -5.91 620.4 9.60 59.65 -7.296
113.17 -5.91 620.4 34.65 67.90 -6.857
